# 3D point list with one line of data per point:
# POINT3D_ID, X, Y, Z, R, G, B, ERROR, TRACK[] as (IMAGE_ID, POINT2D_IDX)
# Number of points: 879, mean track length: 2.0534698521046644
1 0.8929868686315787 0.10134017349537304 -0.38604282409762214 32 35 34 0.015306894116200728 1 478 2 711
2 0.961368582997414 0.10051980419537544 -0.3878039697554821 59 59 60 0.019766841172101306 1 544 2 770
3 0.961368582997414 0.10051980419537544 -0.3878039697554821 59 59 60 0.019766841172101306 1 545 2 771
4 0.9536014451931589 0.09468499334491194 -0.37154975656914846 48 51 52 0.006337508585406411 2 778 27 419
5 0.9505620877305887 0.08839890594784906 -0.38680180950615245 190 194 193 0.02997406006486284 1 605 2 835
6 0.9722798874081219 0.08677632938246202 -0.37967166386043044 203 203 203 0.25037252697067547 2 847 11 589
7 0.9722798874081219 0.08677632938246202 -0.37967166386043044 203 203 203 0.25037252697067547 2 848 11 590
8 1.001151570727895 0.07595320522421696 -0.3853797450908336 185 193 192 0.009575398194611565 1 722 2 943
9 0.989007538021979 0.06790415288447524 -0.38519367611666055 188 196 193 0.025551542701886865 1 780 2 1000
10 0.9914194844012442 0.06892051707358465 -0.3890070847762456 189 195 193 0.40594614774470134 1 781 2 1001 3 1199
11 1.0009565821004014 0.06816033937122826 -0.3848099210018763 187 194 192 0.018203752719447026 1 787 2 1002
12 0.9893691713293807 0.06247825225455043 -0.38880212330281605 58 63 68 0.4026419084047236 1 834 2 1042 3 1226
13 1.0957777404580273 0.06278237370336612 -0.38744594872784066 135 141 141 0.026820373435492664 1 883 2 1066
14 1.0876242924095578 0.03659782637769766 -0.3871963671059734 152 163 163 0.023621808471695947 1 1040 2 1213
15 1.0769131661034803 0.032390583339156 -0.3855677950726688 100 107 108 0.3248878771975444 1 1061 2 1240 5 1787
16 1.085604578065139 0.02094702411746234 -0.3874826399789039 124 124 126 0.026035467040209065 1 1140 2 1312
17 1.105265838241399 0.012212665517869769 -0.38648827396947705 120 123 122 0.032533779693439804 1 1193 2 1369
18 1.0835912275498167 0.009381808473817838 -0.38649437194235725 156 162 164 0.02396375322579349 1 1205 2 1381
19 0.8701925276802657 0.0003726065142092313 -0.3863910123262264 39 39 40 0.025385320391695197 1 1231 2 1460
20 1.1012478893246427 0.004900833209472267 -0.387793808645194 133 140 139 0.009335379471626269 1 1234 2 1409
21 0.9617307033747989 -0.03449431382065308 -0.3849907414214347 48 55 57 0.013000847421132817 1 1482 2 1663
22 0.9361578776774115 0.07968623160490798 -0.3919224814798998 34 40 42 0.018640555679244435 1 661 3 1109
23 0.9278511169515854 0.0786106088082486 -0.3960399660078273 31 36 37 0.011086042073504832 1 667 3 1125
24 0.9311959063020244 0.0767951584481046 -0.3907086134396137 181 189 186 0.019959903242960424 1 671 3 1130
25 0.9394813884066341 0.07697405132282172 -0.39048233555019857 180 188 187 0.035662653378653736 1 674 3 1132
26 0.9394813884066341 0.07697405132282172 -0.39048233555019857 180 188 187 0.035662653378653736 1 675 3 1133
27 1.0065045390037615 0.07307487035420229 -0.3889411066678644 70 77 81 0.0062402468075786 1 761 3 1173
28 0.9280743851368839 0.06521326016446953 -0.39102676613789217 43 37 35 0.029941775396725163 1 764 3 1209
29 0.9280743851368839 0.06521326016446953 -0.39102676613789217 43 37 35 0.029941775396725163 1 765 3 1210
30 0.9606982134174691 0.04413722464377979 -0.3895860922069866 186 192 192 0.02700068618465422 1 942 3 1301
31 0.9645549935458028 0.03787999926247539 -0.3906096349255349 43 45 46 0.024621520841792546 1 985 3 1319
32 0.9671933640243577 0.029287405247884864 -0.38898099019358645 42 50 52 0.002043279020163884 1 1046 3 1357
33 0.9523734811805311 0.025496960233134133 -0.389203346936335 184 191 190 0.025525415483614946 1 1073 3 1373
34 1.009009912451038 0.027452893838983236 -0.3884130358975324 60 70 73 0.01884566294389551 1 1078 3 1360
35 0.9357895469774509 -0.0023871832281324107 -0.39010418921065626 38 40 41 0.015356732594197954 1 1261 3 1495
36 1.0009096785683098 -0.050782933728524826 -0.3851051365253934 36 43 44 0.006186170920326326 1 1569 3 1646
37 0.9872455791528033 -0.04935118150902516 -0.38068651369229806 202 202 204 0.4450003504566065 3 1648 11 2372
38 0.9947181587210517 -0.05436407035476181 -0.3856340848208232 39 46 50 0.02070125975803275 1 1596 3 1657
39 0.9947181587210517 -0.05436407035476181 -0.3856340848208232 39 46 50 0.02070125975803275 1 1597 3 1656
40 0.9630213499636064 -0.05660172908515556 -0.38449774099492073 22 28 28 0.014001430642683114 1 1616 3 1670
41 0.9879100421192518 -0.0584870634289952 -0.3864437111664686 36 39 45 0.03213349731781091 1 1626 3 1668
42 0.9997347916077258 -0.06001997494633413 -0.3858489839662873 190 193 193 0.0052422098401653195 1 1628 3 1669
43 0.90567825695881 0.09099544909071454 -0.38330294017096156 40 44 46 0.4655771690301199 1 551 5 1338 12 148
44 1.0875705300903915 0.11198825669216761 -0.38682135355265773 98 103 103 0.009827918973490309 1 571 5 1295
45 1.0847553162825836 0.10640022215396922 -0.38696151083968355 150 160 157 0.003785452309479783 1 598 5 1326
46 1.087990270438283 0.09155076382782315 -0.3873938386001959 125 131 136 0.0034067449287877383 1 682 5 1409
47 1.0857976586419287 0.08118211421225582 -0.3869330380442693 156 158 157 0.394319852528555 1 756 5 1481 2 949
48 1.073572015771579 0.0768114442486441 -0.38584706346523295 190 194 189 0.008555134656517359 1 776 5 1504
49 1.0838729430287062 0.0695913137778323 -0.38716036906900786 103 103 103 0.18262372204537342 1 839 5 1567 2 1027
50 1.0798579238116073 0.05933702386397968 -0.3918017667913662 188 195 189 0.02295466080029112 1 906 5 1629
51 1.0838014872450763 0.05769974283358858 -0.3863056779146387 140 143 143 0.42255865831442085 1 911 5 1643 2 1088
52 1.0989503042165625 0.05362747836404338 -0.3811758474682023 106 109 108 0.007110574309390526 1 935 5 1656
53 1.0860176371319554 0.04923011412176157 -0.38558707632472844 154 158 159 0.0061808118914720555 1 960 5 1692
54 1.0892551013111746 0.04255364955646687 -0.38445466381999377 145 153 148 0.03131821326661418 1 1004 5 1727
55 1.0892551013111746 0.04255364955646687 -0.38445466381999377 145 153 148 0.03131821326661418 1 1005 5 1728
56 1.0834045936289523 0.03931041797240611 -0.3866374384600576 160 167 161 0.019320966810395388 1 1017 5 1742
57 1.0962073001601869 0.037690744186657583 -0.3857054331292187 139 145 144 0.017092494184905032 1 1035 5 1751
58 1.099497893750927 0.03747779779201788 -0.38515648018087406 95 96 98 0.023299727691702608 1 1038 5 1754
59 1.0838954516021448 0.03370967742052507 -0.3868199532801528 164 166 166 0.011201704107654168 1 1054 5 1780
60 1.0916492601116723 0.03234056744928111 -0.3861238171633416 141 149 147 0.0331944368038078 1 1068 5 1786
61 1.08431038930447 0.03179855370125203 -0.3856450481075596 95 97 100 0.00477499976204953 1 1071 5 1788
62 1.0846464940650888 0.03049228779041436 -0.39004891558362054 164 170 170 0.02944863431403017 1 1086 5 1798
63 1.0885139392811687 0.026034582931640047 -0.38489380838883164 111 112 112 0.0132225886294044 1 1113 5 1824
64 1.0965576326672728 0.025807623862325393 -0.3833868410944571 143 149 149 0.011970915516290368 1 1115 5 1825
65 1.0786845934050662 0.022345694313350997 -0.3872040956609335 117 119 120 0.28438065516868943 1 1123 5 1855 2 1302
66 1.0923465427124188 0.013375510859351625 -0.38585218048390607 148 152 152 0.24771781103290802 1 1187 5 1901 2 1358
67 0.9813307116877065 0.07710009853017885 -0.37880982521952145 60 59 63 0.015593070559438238 1 683 10 355
68 0.9813307116877065 0.07710009853017885 -0.37880982521952145 60 59 63 0.015593070559438238 1 684 10 356
69 0.9911088099749961 0.010878578168894383 -0.37672313713398975 191 194 193 0.02269740381510104 1 1169 10 690
70 0.982077176556193 0.007658158974730939 -0.3780687755453027 60 67 71 0.017776748305496595 1 1194 10 704
71 0.958602431297019 0.005286340913332111 -0.3781029320962198 35 43 42 0.024056501961757064 1 1202 10 707
72 0.958602431297019 0.005286340913332111 -0.3781029320962198 35 43 42 0.024056501961757064 1 1203 10 708
73 0.9826494659597105 -0.002310132511843347 -0.3771355362794067 61 69 70 0.028082735155143028 1 1258 10 753
74 0.9826494659597105 -0.002310132511843347 -0.3771355362794067 61 69 70 0.028082735155143028 1 1260 10 754
75 0.9617972020878717 -0.026018363627616416 -0.3789862133103789 51 59 60 0.03188762384848124 1 1427 10 904
76 0.9715180337992142 -0.038122548782863426 -0.3765176292085441 188 196 193 0.0045951489657854675 1 1506 10 980
77 0.9545191193762174 -0.09447380340158906 -0.376214094654587 39 49 54 0.027022710756059685 1 1843 10 1240
78 0.8888819568848602 0.10473677656861408 -0.3782318883080749 38 41 44 0.005491210078918399 1 431 11 305
79 0.9290958955615353 0.07193744970155468 -0.376934156881732 54 46 45 0.009609181172040215 1 677 11 716
80 0.9290958955615353 0.07193744970155468 -0.376934156881732 54 46 45 0.009609181172040215 1 678 11 717
81 0.9209856385823756 0.06457219438332723 -0.3771727009446437 199 202 201 0.008423460603027615 1 731 11 806
82 0.9209856385823756 0.06457219438332723 -0.3771727009446437 199 202 201 0.008423460603027615 1 732 11 807
83 0.9317314778234723 0.06584086903472988 -0.3819806452170514 36 40 42 0.007091823263080448 1 742 12 306
84 0.9317314778234723 0.06584086903472988 -0.3819806452170514 36 40 42 0.007091823263080448 1 743 12 307
85 0.9327210921392984 0.06087654862137623 -0.3767508840378377 39 45 45 0.016624717131871334 1 778 11 877
86 0.9149178480745856 0.05390747890155872 -0.3775272785894215 203 203 203 0.01227899574643948 1 832 11 946
87 0.9966203935512633 0.05751931497221532 -0.374085687018622 82 81 85 0.03279900579873255 1 849 11 958
88 0.9392168206097251 0.0477374414516254 -0.37687308511082374 45 51 53 0.014307732809037946 1 885 11 1052
89 0.961832766938848 0.03768149383992504 -0.37502496770642846 203 203 203 0.031097119933152922 1 968 11 1188
90 0.9662183333615671 0.03407693607095675 -0.37461124377755256 63 66 67 0.025666682577845806 1 993 11 1246
91 0.8947832269859267 0.026954718951032682 -0.3775953854950423 35 35 39 0.014296125268230453 1 1018 11 1304
92 0.9393145913630284 0.017911422156824574 -0.3754789434901293 202 202 202 0.02559855136738149 1 1114 11 1441
93 0.9827980150746386 0.00020583625385422815 -0.37396950579122934 81 84 90 0.005097209372245221 1 1238 11 1694
94 0.9877624262813264 -3.200554858885616e-05 -0.37212439970097627 202 205 204 0.01935162731421097 1 1241 11 1692
95 0.9326181769559684 -0.0010822076192964153 -0.3748100134800677 196 202 200 0.02495477798890551 1 1242 11 1687
96 0.9326181769559684 -0.0010822076192964153 -0.3748100134800677 196 202 200 0.02495477798890551 1 1243 11 1688
97 0.959503333509346 -0.019465768274823846 -0.3741042868774562 200 203 202 0.0351608758030001 1 1369 11 1956
98 0.9538668540916695 -0.021716275218373125 -0.3740428983614066 203 206 207 0.024244212736809906 1 1389 11 1977
99 0.9278942799087287 -0.025490067416377857 -0.3770829121269515 38 46 45 0.009572004068942373 1 1423 11 2027
100 0.9278942799087287 -0.025490067416377857 -0.3770829121269515 38 46 45 0.009572004068942373 1 1424 11 2028
101 0.9553467312047105 -0.03122409834896522 -0.3736293223784332 59 64 67 0.030689240494553315 1 1453 11 2105
102 0.9553467312047105 -0.03122409834896522 -0.3736293223784332 59 64 67 0.030689240494553315 1 1454 11 2106
103 0.9516635743800609 -0.031189976188318588 -0.3739828920941264 197 201 200 0.02724667571151131 1 1456 11 2103
104 0.9516635743800609 -0.031189976188318588 -0.3739828920941264 197 201 200 0.02724667571151131 1 1458 11 2102
105 0.8739540245997166 -0.04875188155248577 -0.37752548363091454 27 30 30 0.012952909281796536 1 1591 11 2344
106 0.8739540245997166 -0.04875188155248577 -0.37752548363091454 27 30 30 0.012952909281796536 1 1592 11 2345
107 0.9272288527136999 -0.0578609138875489 -0.3733685600381176 189 196 199 0.016257064182326454 1 1643 11 2470
108 0.9821586651198353 -0.061548666344559126 -0.37284931100528784 202 202 204 0.03506912846120025 1 1654 11 2524
109 0.9821586651198353 -0.061548666344559126 -0.37284931100528784 202 202 204 0.03506912846120025 1 1655 11 2527
110 0.9279923236348334 -0.06132869680960127 -0.3740732269581232 193 197 196 0.01400594315014476 1 1671 11 2528
111 0.9250631332722261 -0.06194320228344842 -0.3743567413223259 191 197 195 0.02705480404293258 1 1677 11 2532
112 0.9587047489707681 -0.08763713583260688 -0.3731869496225812 199 205 205 0.03288947193552506 1 1822 11 2840
113 0.8311512570337908 0.12399912592485157 -0.3868551767837582 193 193 193 0.019385113728966553 1 320 12 73
114 0.8334147843869699 0.11005466507538543 -0.38579281980895275 155 151 154 0.0046488019279195755 1 387 12 84
115 0.8334147843869699 0.11005466507538543 -0.38579281980895275 155 151 154 0.0046488019279195755 1 388 12 85
116 0.8329645434634171 0.09482939279700822 -0.3837287160123892 155 148 152 0.010596109160884546 1 457 12 105
117 0.9916252636566251 0.10095811873677796 -0.3794136725367683 33 39 39 0.018938918920736608 1 553 12 166
118 0.8330166354907987 0.0703918570365634 -0.3822853914062337 195 194 194 0.02504611235039481 1 619 12 187
119 0.8679327494300576 0.0721303055271157 -0.3810241034274663 35 32 32 0.005809690152828895 1 634 12 214
120 0.8314126577972701 0.050488620472298275 -0.38274246467063133 189 191 192 0.0024271280291997843 1 801 12 314
121 0.8309788525237316 0.03808620125705182 -0.38129462733972525 189 192 193 0.01902106090127955 1 903 12 385
122 0.8324049375542827 0.0023062767983945795 -0.37594587707217003 153 155 157 0.0013623906062035262 1 1201 12 565
123 0.8599019134315005 0.0022611271024817687 -0.3794192619645088 180 188 187 0.025796238530709947 1 1208 12 587
124 0.9289012637601314 0.002572430985320382 -0.37695752414385647 185 192 191 0.017557382383206904 1 1218 12 614
125 0.9289012637601314 0.002572430985320382 -0.37695752414385647 185 192 191 0.017557382383206904 1 1219 12 615
126 0.9531777970006647 -0.019029058353261318 -0.377977513488843 180 187 187 0.012037219078617678 1 1367 12 726
127 0.8334287893568407 -0.02630228500463521 -0.3797844426322864 183 187 190 0.006820588611865783 1 1433 12 735
128 0.8334287893568407 -0.02630228500463521 -0.3797844426322864 183 187 190 0.006820588611865783 1 1434 12 736
129 0.8606972342376896 -0.06242285130134627 -0.3781003835579376 166 177 177 0.015553023155332272 1 1704 12 928
130 0.8606972342376896 -0.06242285130134627 -0.3781003835579376 166 177 177 0.015553023155332272 1 1705 12 931
131 0.8576157965973277 -0.06564886604404863 -0.3785726164157042 29 35 35 0.013644305481677443 1 1729 12 945
132 0.8979244223781877 0.10960325314067476 -0.3969323343404518 42 32 21 0.01197028035930194 2 685 3 981
133 0.9781701374420437 0.11417818475266574 -0.3962234196823583 62 68 70 0.030789982361269255 2 705 3 984
134 0.8972475883989613 0.09731300024828882 -0.3960922682192015 182 189 185 0.02645936194417878 2 757 3 1031
135 0.8347306553603306 0.0709650810174708 -0.39475899172208534 193 196 199 0.016181047253478787 2 904 3 1154
136 1.0106586859694773 0.08153722387211379 -0.3944509968361813 69 76 82 0.012835949724480105 2 928 3 1119
137 1.0106586859694773 0.08153722387211379 -0.3944509968361813 69 76 82 0.012835949724480105 2 929 3 1120
138 0.8679585274817911 0.06845845816431904 -0.3950442273854686 185 192 193 0.004340583726826069 2 954 3 1180
139 0.9670337588884488 0.07074360603249345 -0.394044995483893 36 44 43 0.011851207419189049 2 978 3 1182
140 0.8361842124489204 0.055902290890383975 -0.3955479456346563 116 116 119 0.01301260152872461 2 1037 3 1250
141 0.8585963337830067 0.049202794248254966 -0.39577095516048255 28 34 34 0.015819131911251866 2 1093 3 1277
142 0.9805781107585845 0.052471170453917554 -0.39370155571332094 181 185 185 0.07490717486750943 2 1106 3 1259 26 858
143 0.894893968417572 0.04642204759737283 -0.3957518530724067 26 29 28 0.014825695230811793 2 1119 3 1291
144 0.894893968417572 0.04642204759737283 -0.3957518530724067 26 29 28 0.014825695230811793 2 1120 3 1292
145 0.959343640304314 0.04843256607507756 -0.39534649143484574 42 47 52 0.01616633045672058 2 1127 3 1285
146 0.9005983611333752 0.04439292989390568 -0.39410703983303697 171 182 179 0.026643047042205575 2 1142 3 1296
147 0.9005983611333752 0.04439292989390568 -0.39410703983303697 171 182 179 0.026643047042205575 2 1143 3 1298
148 0.9603616596540734 0.04458455316706588 -0.3841607822014332 179 185 183 0.10668520604837028 3 1293 12 426
149 0.9693675508410845 0.04420621353435315 -0.39334906371888256 51 54 58 0.010783549811578362 2 1161 3 1303
150 0.9660073510618852 0.04096458211039688 -0.39426579039510884 53 53 59 0.034250036500380894 2 1178 3 1308
151 0.9728230168456321 0.0408964322384462 -0.3944724888547746 185 191 189 0.016782031846134325 2 1179 3 1309
152 0.9357026584885572 0.03801173699148239 -0.3955034958287275 26 32 30 0.025531291272590198 2 1188 3 1321
153 0.9010546628670075 0.03646712253935874 -0.39446336651262665 169 180 178 0.026738736855799587 2 1192 3 1330
154 0.8983032776830056 0.0362097434861267 -0.39550324971750195 174 183 182 0.025513825397153855 2 1195 3 1332
155 0.9640428756378423 0.03470211237701007 -0.3715386413162187 59 67 67 0.02262853855264654 2 1204 27 755
156 0.9702550861246801 0.03260249068039374 -0.39417190873573144 47 53 54 0.010616891782127075 2 1235 3 1344
157 0.9702550861246801 0.03260249068039374 -0.39417190873573144 47 53 54 0.010616891782127075 2 1236 3 1345
158 0.8899344580727006 0.028668121957622996 -0.38505827391781555 35 35 35 0.04986630189076245 3 1364 12 475
159 0.8933201140365986 0.02873305012874303 -0.3946983893962671 34 37 37 0.010802102144706933 2 1253 3 1365
160 0.9778712707631897 0.0292468641385797 -0.3944251205534447 56 62 64 0.007481418043948794 2 1260 3 1355
161 0.9778712707631897 0.0292468641385797 -0.3944251205534447 56 62 64 0.007481418043948794 2 1261 3 1356
162 0.9224671560078915 0.019638939252976526 -0.39517279779811776 171 177 175 0.02137385105115505 2 1316 3 1399
163 0.9224671560078915 0.019638939252976526 -0.39517279779811776 171 177 175 0.02137385105115505 2 1317 3 1400
164 0.9917244451320776 0.01649365532093425 -0.3936875438153607 58 65 69 0.009511163158710301 2 1341 3 1410
165 0.9917244451320776 0.01649365532093425 -0.3936875438153607 58 65 69 0.009511163158710301 2 1342 3 1411
166 0.9918470828243913 0.008819028626835665 -0.3939960537052893 56 64 65 0.012482841303939238 2 1385 3 1429 26 1091
167 0.9209346519054834 0.008104498765659631 -0.38186316747931315 34 37 39 0.014206124472925878 2 1392 12 578
168 0.8361276365305311 0.008206217840407365 -0.3945231315289269 115 115 119 0.022320883728641862 2 1404 3 1457
169 0.8760029886388556 0.007206895968980125 -0.3951166403938687 44 45 50 0.0159788451751973 2 1412 3 1455
170 0.8760029886388556 0.007206895968980125 -0.3951166403938687 44 45 50 0.0159788451751973 2 1413 3 1456
171 0.9327507508374875 0.0014587708833068579 -0.383927235624467 52 48 51 0.12108123694047296 3 1477 12 628
172 0.9421698557600997 -8.071694998177478e-05 -0.39501664202315917 174 185 181 0.07464891646665331 2 1452 3 1481 26 1076
173 0.9421698557600997 -8.071694998177478e-05 -0.39501664202315917 174 185 181 0.07464891646665331 2 1453 3 1482 26 1077
174 0.9277022146188955 -0.0018277313692852755 -0.3950033648831464 31 34 35 0.026725793198127446 2 1469 3 1487
175 0.9216493779848592 -0.0017211659207532776 -0.38148130720059814 29 35 35 0.003493878779221198 2 1470 12 635
176 0.8364248084415359 -0.008680806809662983 -0.3938020961887066 113 113 115 0.020434941495072155 2 1527 3 1535
177 0.9623213771451549 -0.01786656286093044 -0.3958193706038413 90 97 102 0.029861451301986742 2 1555 3 1545
178 0.9036689457515487 -0.024141793050787726 -0.39405515125959767 163 171 168 0.0006398821295181906 2 1604 3 1572
179 0.8963920890740081 -0.023778941310722876 -0.39338342971514095 159 170 168 0.025829877197186154 2 1605 3 1573
180 0.9017426901789137 -0.024410773216192526 -0.3961522818610725 38 41 42 0.27454087829746465 2 1606 3 1574 26 1157
181 0.9017426901789137 -0.024410773216192526 -0.3961522818610725 38 41 42 0.27454087829746465 2 1607 3 1575 26 1158
182 0.9017426901789137 -0.024410773216192526 -0.3961522818610725 38 41 42 0.27454087829746465 2 1608 3 1576 26 1159
183 0.9017426901789137 -0.024410773216192526 -0.3961522818610725 38 41 42 0.27454087829746465 2 1609 3 1577 26 1156
184 0.9012728286005423 -0.03290530337602575 -0.392799907050948 161 167 166 0.0016081729566771847 2 1672 3 1605
185 0.9012728286005423 -0.03290530337602575 -0.392799907050948 161 167 166 0.0016081729566771847 2 1673 3 1606
186 0.8365958770694797 -0.02928216597560659 -0.3931994592666091 116 118 119 0.01312969417777968 2 1674 3 1612
187 0.8365958770694797 -0.02928216597560659 -0.3931994592666091 116 118 119 0.01312969417777968 2 1675 3 1613
188 0.8365958770694797 -0.02928216597560659 -0.3931994592666091 116 118 119 0.01312969417777968 2 1676 3 1614
189 0.8946845912624488 -0.03600360045841923 -0.3966974866040666 30 34 30 0.40303727235139747 2 1701 3 1618 26 1201
190 0.8355611761977477 -0.0340230063399511 -0.393942954646671 149 149 151 0.018352891009275275 2 1715 3 1627
191 0.8347775079345401 -0.034406525613814604 -0.39357958191023246 110 112 113 0.03562763199052471 2 1717 3 1631
192 0.9152173955770977 -0.044792616956930875 -0.39199787930625574 21 24 25 0.005316944225351488 2 1753 3 1647
193 0.8348663211868322 -0.039870571665290115 -0.39384786973847774 105 103 105 0.01789269299835445 2 1761 3 1651
194 0.9374216900789939 -0.051604310578602035 -0.39426710865824927 175 185 185 0.2867596088590921 2 1785 3 1658 26 1305
195 0.9374216900789939 -0.051604310578602035 -0.39426710865824927 175 185 185 0.2867596088590921 2 1786 3 1659 26 1304
196 0.9343154052881375 -0.05308710832397074 -0.3945437378398687 42 40 39 0.35333171287590137 2 1790 3 1661 26 1310
197 0.9874608936233772 -0.057389076008725295 -0.38152455717859296 64 67 73 0.11680920720125901 3 1665 12 897
198 0.9874608936233772 -0.057389076008725295 -0.38152455717859296 64 67 73 0.11680920720125901 3 1666 12 898
199 0.9874608936233772 -0.057389076008725295 -0.38152455717859296 64 67 73 0.11680920720125901 3 1667 12 899
200 0.8702565231549164 -0.057954442132786915 -0.3924520029739828 173 176 177 0.024871196115352125 2 1841 3 1706
201 0.9293734799085528 -0.06325474981301824 -0.39190178395922903 41 38 41 0.00985605496495589 2 1842 3 1702
202 0.9293734799085528 -0.06325474981301824 -0.39190178395922903 41 38 41 0.00985605496495589 2 1843 3 1703
203 0.8760759590804583 -0.05972870771633112 -0.39339378700779726 35 31 35 0.007804754012823546 2 1849 3 1709
204 0.8760759590804583 -0.05972870771633112 -0.39339378700779726 35 31 35 0.007804754012823546 2 1850 3 1710
205 0.8679512725600392 -0.0609314851541577 -0.3926368702931965 167 170 169 0.012665772119887597 2 1862 3 1717
206 0.8608871979614675 -0.06774508557507077 -0.3928917935800464 33 33 37 0.01740137991966725 2 1886 3 1737
207 0.9160705501594789 -0.07731911968720594 -0.3935479463156661 163 166 165 0.03010261849276574 2 1897 3 1745
208 0.9621794617435051 -0.08230579353825407 -0.3913831576623334 186 189 189 0.02120376131503332 2 1899 3 1746
209 0.9004259646946756 -0.08077467258781584 -0.39254941186475084 24 26 32 0.02763325139067469 2 1911 3 1760
210 0.8607550507866026 -0.0814926424127183 -0.39850532924458654 20 25 24 0.01953723201900278 2 1921 3 1776
211 0.9104297695173337 -0.08627706675988096 -0.3910676109051365 23 26 25 0.03269562041330873 2 1922 3 1778
212 0.906258096945528 -0.08866257402356639 -0.39338557887320197 30 32 38 0.009368717296937773 2 1927 3 1782
213 0.9032258282043599 -0.08950183678288028 -0.3966397654856218 24 27 29 0.3963829260591545 2 1928 3 1783 26 1404
214 0.9075311335533527 -0.09273488573061842 -0.39382544561855864 167 170 169 0.0029576977241575868 2 1935 3 1790
215 1.0740304124163773 0.1398213899026642 -0.3800703977394736 137 138 137 0.03363028854342587 2 636 5 1142
216 1.079548870166181 0.1390066967910058 -0.3846411067060335 105 99 101 0.0039684224295219095 2 646 5 1154
217 1.0825469519902735 0.13619903924869972 -0.38109122333377726 113 110 106 0.006146731451620532 2 649 5 1161
218 1.0745682431360826 0.13327297947088118 -0.3812720594853143 150 151 150 0.0009538769397387578 2 657 5 1174
219 0.8327323617175127 0.10360254253947149 -0.3806534163420649 190 186 187 0.21747572476254232 2 660 5 1206 27 256
220 1.0944423723223313 0.13481507929912445 -0.3847740354631398 137 138 135 0.0007771536774548066 2 663 5 1175
221 1.0815749732169426 0.11935975083149925 -0.3835606205425659 153 156 154 0.031216393061195266 2 714 5 1245
222 1.0815749732169426 0.11935975083149925 -0.3835606205425659 153 156 154 0.031216393061195266 2 715 5 1246
223 1.0837706438567172 0.11341172612677553 -0.3804389154576837 110 109 109 0.016517534050887784 2 745 5 1282
224 1.078715927756885 0.1114963421416228 -0.3827471800324896 107 107 109 0.01226492666406017 2 760 5 1287
225 1.0779665560071312 0.10467772702453307 -0.38801200335032693 125 124 126 0.01835844534194111 2 804 5 1331
226 1.084545876222834 0.1029344216957042 -0.38720443475392685 153 158 158 0.0034037564408513463 2 812 5 1340
227 1.0840707862219936 0.1011541195420559 -0.3833488792261158 95 97 103 0.0026299183679371952 2 822 5 1346
228 1.0958851752693544 0.10016755942865743 -0.3842480958890216 133 139 137 0.014750874896716023 2 832 5 1352
229 1.0958851752693544 0.10016755942865743 -0.3842480958890216 133 139 137 0.014750874896716023 2 833 5 1353
230 0.9468605595409529 0.08658387567250546 -0.37978575500537687 191 199 196 0.0057558032194897114 2 834 5 1376
231 1.0929123182566032 0.09277285916211848 -0.38775805197506724 143 149 147 0.00770379653782411 2 877 5 1402
232 1.097255285956791 0.08789346934617169 -0.3840904180491027 72 72 76 0.015125356317273539 2 902 5 1432
233 1.097255285956791 0.08789346934617169 -0.3840904180491027 72 72 76 0.015125356317273539 2 903 5 1433
234 1.0987617316715999 0.08614494163175464 -0.38827606462927233 105 108 109 0.002476584277214675 2 933 5 1446
235 1.0803843029753046 0.07944534530634415 -0.38360353862619156 109 110 112 0.020898716509155646 2 962 5 1488
236 1.0851649486095232 0.07965486083091443 -0.3835974694221187 81 84 85 0.03108705891421205 2 963 5 1487
237 1.0831807330676153 0.07575250527900358 -0.38141970339991516 115 115 116 0.012568165956272994 2 977 5 1507
238 1.076124661473581 0.07356503570375214 -0.3784180641904438 93 94 98 0.003108295747102372 2 990 5 1522
239 1.076124661473581 0.07356503570375214 -0.3784180641904438 93 94 98 0.003108295747102372 2 991 5 1523
240 1.078947542866502 0.07283466161771562 -0.3820861210202812 131 132 135 0.016048958695113878 2 999 5 1534
241 1.0789186697488586 0.05508224588769894 -0.37842855849911994 148 154 154 0.035367187646072905 2 1100 5 1649
242 1.0758625524241843 0.054236401581175805 -0.3844477351749437 101 103 104 0.017357031834450243 2 1109 5 1653
243 1.096491113167212 0.052859257601955416 -0.3887378392515642 141 147 147 0.013035149277150814 2 1124 5 1664
244 0.9636737420391054 0.04481451321263106 -0.37615718689046246 31 37 37 0.3139402480692064 2 1141 5 1711 31 1239
245 1.0962566764813184 0.049621994402102285 -0.38254229246905325 93 92 96 0.011143167978132987 2 1147 5 1689
246 1.0799643144103408 0.04060362948603193 -0.38698287439631224 160 168 172 0.023799094744930093 2 1190 5 1738
247 1.0863708265656329 0.03895054154222359 -0.38335300733164085 93 97 99 0.019303969585920448 2 1200 5 1744
248 1.0863708265656329 0.03895054154222359 -0.38335300733164085 93 97 99 0.019303969585920448 2 1201 5 1745
249 1.0812987437569304 0.034958984210168444 -0.3824135562770415 106 109 110 0.02887745325833226 2 1220 5 1768
250 1.0876164505447798 0.034571060615799926 -0.38716285522193 151 164 162 0.010744435719870033 2 1228 5 1775
251 1.0876164505447798 0.034571060615799926 -0.38716285522193 151 164 162 0.010744435719870033 2 1229 5 1776
252 1.091745778134485 0.03236891011569028 -0.37981509390907886 132 138 138 0.0031262748060935817 2 1241 5 1783
253 1.091745778134485 0.03236891011569028 -0.37981509390907886 132 138 138 0.0031262748060935817 2 1242 5 1784
254 1.0851168006213892 0.030625605383665634 -0.3835474710112932 146 157 157 0.005189469309747246 2 1255 5 1795
255 1.0919054516358966 0.026259181840778023 -0.37627866169797414 102 102 104 0.03310536888137158 2 1283 5 1823
256 1.0982911111773104 0.025527116139791632 -0.38632152315801 133 141 138 0.01137326421410973 2 1294 5 1826
257 1.079514539495678 0.024926768523566276 -0.38424804404891755 156 162 162 0.03133637496695401 2 1297 5 1831
258 1.083612882077158 0.015795612859086792 -0.38462458948839845 107 107 108 0.013527261575762516 2 1343 5 1887
259 1.0879572053539128 0.015589189096158413 -0.3822258971578479 139 145 144 0.0009104602744210352 2 1346 5 1888
260 0.9875060055294042 0.011802134535775817 -0.3718846651625106 179 185 183 0.5931490758788471 2 1373 5 1925 27 920
261 1.0917831877302577 0.007833875133730439 -0.3848132233408819 141 149 148 0.018569860309721443 2 1386 5 1929
262 1.0830848084001943 0.0033922573902751482 -0.3807674295824372 149 155 155 0.017533491280373365 2 1417 5 1952
263 0.8455093859437077 -0.004601600280300115 -0.37505942121671 182 185 186 0.0085631061678431 2 1500 5 2104
264 0.916567531770804 -0.03747528479882537 -0.38027279016419996 31 34 35 0.011760259804879818 2 1712 5 2274
265 0.8335166906762972 -0.036454600342153094 -0.38240137197701324 177 180 183 0.019388705628679954 2 1745 5 2314
266 0.99548679288442 -0.06320677470526696 -0.3711450558026263 55 61 63 0.573728353104568 2 1830 5 2356 27 1242
267 0.9891791271531697 -0.0642830514915827 -0.37706551250294185 44 47 52 0.014538987313085104 2 1834 5 2359
268 0.8652699407858759 0.10097172833826411 -0.38507659796989213 24 27 26 0.007444586036796128 2 696 12 107
269 0.8652699407858759 0.10097172833826411 -0.38507659796989213 24 27 26 0.007444586036796128 2 697 12 108
270 0.8548503527633055 0.08749159255330743 -0.38423817334922555 28 31 30 0.008733885288548765 2 781 12 131
271 0.8891967935715696 0.09030160639302168 -0.38394258128406283 37 37 37 0.015273348527028316 2 785 12 141
272 0.9388309968426775 0.07798607248668894 -0.38278952352230605 36 36 37 0.019156340102115345 2 895 12 239
273 0.9345984467566941 0.07143820693829954 -0.38216726549679525 184 187 188 0.0257785606979224 2 940 12 270
274 0.8986377003051973 0.06892802036555255 -0.38459933138538055 21 27 25 0.011308284863889 2 945 12 263
275 0.8578844478555543 0.05878539617828885 -0.3838594564082492 41 41 37 0.01655570759947384 2 1012 12 290
276 0.927668018116883 0.06240836111365798 -0.3824870694286446 182 188 188 0.019257439094403497 2 1014 12 320
277 0.9217885986501685 0.060713432624273776 -0.3830947315501219 29 32 33 0.01829316669822111 2 1023 12 330
278 1.000164044641853 0.05948450611832629 -0.37969167259488074 60 63 64 0.010006452290940377 2 1051 12 380
279 0.8646058546081469 0.03683425279162952 -0.38466883252723955 23 28 26 0.01105618989293099 2 1180 12 417
280 0.9553842048352287 0.03211613986661967 -0.38130655002710595 49 50 52 0.029392339325853 2 1224 12 483
281 0.9553842048352287 0.03211613986661967 -0.38130655002710595 49 50 52 0.029392339325853 2 1225 12 484
282 0.9894867150225556 0.008165656596937442 -0.3806621549239613 68 73 78 0.0010759997460880104 2 1388 12 608
283 0.9216493779848592 -0.0017211659207532776 -0.38148130720059814 29 35 35 0.003493878779221198 2 1467 12 632
284 0.9216493779848592 -0.0017211659207532776 -0.38148130720059814 29 35 35 0.003493878779221198 2 1468 12 633
285 0.9666003890600046 -0.022976251216471854 -0.38009881586846145 178 184 184 0.008233917922245227 2 1581 12 753
286 0.9666003890600046 -0.022976251216471854 -0.38009881586846145 178 184 184 0.008233917922245227 2 1582 12 754
287 0.9645837405121681 -0.030167423855523404 -0.3796722375770858 180 188 187 0.034256430578633895 2 1631 12 794
288 0.9946655950471825 -0.05901986578407057 -0.37858596762108265 185 188 189 0.029441300054995692 2 1803 12 911
289 0.9219496800016321 -0.063801893007051 -0.38057174745772127 25 31 31 0.030568762618397565 2 1859 12 937
290 0.9548586840375137 -0.0809434004861757 -0.3795768484675459 175 185 185 0.0048341000342452724 2 1902 12 998
291 0.928810316076179 -0.0894573426582568 -0.37835417664716314 21 29 26 0.01301512659263617 2 1929 12 1021
292 1.003226763113895 0.07678428578937158 -0.3936127408314083 65 66 67 0.003416608782568888 2 957 26 787
293 1.003226763113895 0.07678428578937158 -0.3936127408314083 65 66 67 0.003416608782568888 2 958 26 786
294 1.011121315446403 0.05140992726088128 -0.3910371251581399 63 76 76 0.029728198384518525 2 1114 26 900
295 0.9944602741097464 0.004850431093789954 -0.39334360763492765 177 183 185 0.013808283256267295 2 1416 26 1102
296 0.9339684106482469 0.004478408832169329 -0.3951920595820339 47 47 49 0.007467043853842031 2 1421 26 1044
297 0.9339684106482469 0.004478408832169329 -0.3951920595820339 47 47 49 0.007467043853842031 2 1422 26 1045
298 0.9295723478561495 0.004326863465869025 -0.39523383794360134 176 182 182 0.014911166785173345 2 1424 26 1040
299 0.9295723478561495 0.004326863465869025 -0.39523383794360134 176 182 182 0.014911166785173345 2 1425 26 1041
300 0.9295723478561495 0.004326863465869025 -0.39523383794360134 176 182 182 0.014911166785173345 2 1426 26 1042
301 0.9946200970328439 0.0012874773613997244 -0.3928604707859963 74 74 81 0.02961683013272605 2 1432 26 1125
302 0.9946200970328439 0.0012874773613997244 -0.3928604707859963 74 74 81 0.02961683013272605 2 1433 26 1126
303 0.9300192464927586 0.001036296246851709 -0.394441607739782 46 46 50 0.03195140445042256 2 1442 26 1059
304 0.9300192464927586 0.001036296246851709 -0.394441607739782 46 46 50 0.03195140445042256 2 1443 26 1060
305 0.950519013082188 -0.006967990358556553 -0.39748419713485955 178 184 183 0.008612900620738042 2 1493 26 1118
306 0.950519013082188 -0.006967990358556553 -0.39748419713485955 178 184 183 0.008612900620738042 2 1494 26 1119
307 0.9020948056549425 -0.019991459002455615 -0.3967921232202236 162 171 170 0.01971006062115782 2 1574 26 1134
308 0.9672821040900027 -0.024945604766421072 -0.3943150162271902 181 186 186 0.09838742189896875 2 1595 26 1211 3 1565
309 0.9377093200069896 -0.026141873683630232 -0.3986043063988963 29 35 33 0.02256217285208766 2 1610 26 1190
310 0.9059370541465064 -0.03175562406849015 -0.39784235663305195 31 30 32 0.03313357873554187 2 1656 26 1187
311 0.9059370541465064 -0.03175562406849015 -0.39784235663305195 31 30 32 0.03313357873554187 2 1657 26 1188
312 0.866025740863804 -0.06575260560932476 -0.399674959041525 155 161 161 0.03328769731981205 2 1869 26 1316
313 0.866025740863804 -0.06575260560932476 -0.399674959041525 155 161 161 0.03328769731981205 2 1870 26 1317
314 0.8931130431967689 0.10269201184549688 -0.3747097945674275 186 185 185 0.03447782769126186 2 687 27 310
315 0.8999628561101962 0.1023119952958192 -0.37482166665688554 186 186 182 0.0050722329381694764 2 694 27 320
316 0.9537235325046652 0.10255998242240118 -0.3727897000490022 55 51 51 0.033557958419046394 2 718 27 385
317 0.9496325781669636 0.0949353432833088 -0.3726982499825727 181 184 183 0.0246381022248508 2 774 27 410
318 0.9496325781669636 0.0949353432833088 -0.3726982499825727 181 184 183 0.0246381022248508 2 775 27 411
319 0.9310597950969575 0.0613299555717539 -0.37392152183692867 40 44 47 0.012508147451535404 2 1013 27 563
320 0.9496017285005914 0.0344993335383537 -0.3717046221420373 177 185 182 0.011360020253748205 2 1202 27 738
321 0.9496017285005914 0.0344993335383537 -0.3717046221420373 177 185 182 0.011360020253748205 2 1203 27 739
322 0.9669489847717365 0.018822047057466103 -0.37007576172783474 66 72 76 0.008188166406575307 2 1313 27 865
323 0.9669489847717365 0.018822047057466103 -0.37007576172783474 66 72 76 0.008188166406575307 2 1314 27 866
324 0.9312955160040438 0.01231008039366127 -0.3720575432687775 174 182 180 0.012827038602674739 2 1364 27 858
325 0.9312955160040438 0.01231008039366127 -0.3720575432687775 174 182 180 0.012827038602674739 2 1365 27 859
326 0.9833346453844993 0.004221803581795397 -0.36979904014404846 78 85 86 0.030829127324381252 2 1419 27 949
327 0.9665409399194851 -0.041961738202193455 -0.369855850684475 46 52 54 0.0208140652698159 2 1725 27 1144
328 0.9432319662761295 -0.06638534734234816 -0.37002817393139026 33 39 37 0.012928390403600885 2 1863 27 1229
329 0.9628247443791337 -0.09280285617514308 -0.3675164997859329 43 45 51 0.027753088386705625 2 1932 27 1291
330 0.9607682928436686 0.030674078776160924 -0.39582637298121554 38 49 49 0.0322819534780813 3 1349 26 934
331 0.9607682928436686 0.030674078776160924 -0.39582637298121554 38 49 49 0.0322819534780813 3 1350 26 935
332 0.986939722236909 0.020132115575749805 -0.39251195350690804 180 183 184 0.012687095378078748 3 1392 26 1034
333 0.9979023592870452 0.008315005030465228 -0.39338192713346043 73 80 85 0.009588621562884793 3 1431 26 1095
334 0.9667112595829953 -0.032315842650905875 -0.39441170853307495 47 52 52 0.02105375245291773 3 1585 26 1244
335 0.9667112595829953 -0.032315842650905875 -0.39441170853307495 47 52 52 0.02105375245291773 3 1586 26 1245
336 0.9436237730039055 -0.05773729186223155 -0.3952059444575958 179 185 185 0.0156307103115164 3 1675 26 1326
337 0.9436237730039055 -0.05773729186223155 -0.3952059444575958 179 185 185 0.0156307103115164 3 1676 26 1327
338 0.8831832817314669 0.08563835394657035 -0.37772985308922463 188 196 197 0.008094138787284886 5 1356 31 1033
339 0.8831832817314669 0.08563835394657035 -0.37772985308922463 188 196 197 0.008094138787284886 5 1357 31 1034
340 0.8781197175108374 0.08033120819361358 -0.37944950446811504 187 193 195 0.0064716773279379245 5 1400 31 1098
341 0.8781197175108374 0.08033120819361358 -0.37944950446811504 187 193 195 0.0064716773279379245 5 1401 31 1099
342 0.9207914049338748 0.06894309958933414 -0.3757750472475366 48 36 36 0.026948976564558025 5 1508 31 1117
343 0.9207914049338748 0.06894309958933414 -0.3757750472475366 48 36 36 0.026948976564558025 5 1509 31 1118
344 0.8672450137925399 0.06559094763790081 -0.3787636243765771 56 49 58 0.02514847087470242 5 1531 31 1227
345 0.9206870205700836 0.008597581336431017 -0.375194903211118 49 44 46 0.0011009123002995319 5 1959 31 1555
346 0.9235032017234754 0.007663982082885049 -0.3748505869200141 189 195 195 0.01417832007473237 5 1965 31 1557
347 0.9235032017234754 0.007663982082885049 -0.3748505869200141 189 195 195 0.01417832007473237 5 1966 31 1558
348 0.9243746172651613 0.004740939621221832 -0.37488342945801434 50 48 53 0.02577567700510655 5 1987 31 1575
349 0.9243746172651613 0.004740939621221832 -0.37488342945801434 50 48 53 0.02577567700510655 5 1988 31 1576
350 0.9274283493589497 0.003811713219365383 -0.3747127771141648 187 193 191 0.02730646257474499 5 1996 31 1577
351 0.9274283493589497 0.003811713219365383 -0.3747127771141648 187 193 191 0.02730646257474499 5 1997 31 1578
352 0.9937293092500723 -0.00019905710155357896 -0.37155524170930704 46 57 57 0.03220153123505247 5 2007 31 1499
353 0.9210769245139662 0.0015215491539923743 -0.3750607271928537 44 33 31 0.027082914522288556 5 2017 31 1596
354 0.9210769245139662 0.0015215491539923743 -0.3750607271928537 44 33 31 0.027082914522288556 5 2018 31 1597
355 0.9320075398384906 0.0005423214412561747 -0.37454191309215296 184 192 191 0.02638094866442021 5 2021 31 1586
356 0.9320075398384906 0.0005423214412561747 -0.37454191309215296 184 192 191 0.02638094866442021 5 2022 31 1587
357 0.91868095156031 -0.0010962749752351404 -0.37516398042319443 33 40 39 0.02155771893588256 5 2037 31 1626
358 0.91868095156031 -0.0010962749752351404 -0.37516398042319443 33 40 39 0.02155771893588256 5 2038 31 1627
359 0.928136108158884 -0.0020032524414025804 -0.37428524037659994 39 42 42 0.025651213294366863 5 2044 31 1619
360 0.8882542058769892 -0.016496564103238437 -0.37565345627213453 33 33 33 0.02601127553076573 5 2160 31 1810
361 0.9616905002718432 -0.08991947127036862 -0.371078830767743 178 182 181 0.007162231367997695 5 2465 31 2102
362 0.9616905002718432 -0.08991947127036862 -0.371078830767743 178 182 181 0.007162231367997695 5 2466 31 2103
363 0.9554176855328056 0.09143982067953155 -0.3875763762658159 44 49 53 0.018430421247285424 6 790 7 604
364 0.9706553035229711 0.08981206968105385 -0.3866294469353396 61 61 61 0.004608308183879786 6 818 7 627
365 0.861536444237328 0.06450392336266937 -0.3883210034181828 48 35 35 0.023777568698460483 6 962 7 693
366 0.861536444237328 0.06450392336266937 -0.3883210034181828 48 35 35 0.023777568698460483 6 963 7 694
367 0.8537859209150422 0.023057387056535213 -0.38504756606069407 34 39 39 0.021457387686371676 6 1284 7 1081
368 0.860808635780881 0.009642899640341498 -0.38634648689959816 192 194 200 0.014921132896420676 6 1404 7 1211
369 0.868570374832262 0.006568840864646179 -0.3858838526073929 187 192 197 0.009399667182450834 6 1418 7 1233
370 0.8717297806768319 0.0053462767710643795 -0.385216932482222 48 48 55 0.03472901334322201 6 1433 7 1239
371 0.8717297806768319 0.0053462767710643795 -0.385216932482222 48 48 55 0.03472901334322201 6 1434 7 1240
372 0.899198503673394 -0.02839870385095062 -0.3828529222866142 186 191 192 0.007811580905305344 6 1695 7 1498
373 0.899198503673394 -0.02839870385095062 -0.3828529222866142 186 191 192 0.007811580905305344 6 1696 7 1499
374 0.9420757588624218 -0.03937131728644577 -0.38503035359521437 39 43 42 0.025976345267175467 6 1759 7 1560
375 0.927303358053227 -0.052941331891015235 -0.3829913402537391 53 45 50 0.02305218981005905 6 1854 7 1646
376 0.927303358053227 -0.052941331891015235 -0.3829913402537391 53 45 50 0.02305218981005905 6 1855 7 1647
377 0.9992147981953404 -0.0669649913083337 -0.3796407720745595 65 64 71 0.033222801097879485 6 1912 7 1726
378 0.8724964724440986 -0.05645019199623004 -0.3845208001784128 182 185 186 0.009636974035441736 6 1924 7 1687
379 0.9466450512617088 -0.07013938222862884 -0.3793769702212768 41 47 49 0.019262466517242748 6 1977 7 1778
380 0.8789794474235354 -0.0710697813782936 -0.38302290691705076 183 186 187 0.03281281037775215 6 2029 7 1810
381 0.8789794474235354 -0.0710697813782936 -0.38302290691705076 183 186 187 0.03281281037775215 6 2030 7 1811
382 0.8793711717272298 -0.07681092231835651 -0.3839436388566714 25 25 27 0.014066339497720825 6 2057 7 1856
383 0.9052044631361598 -0.08129191774449704 -0.382346421384657 29 32 31 0.0158308687687273 6 2062 7 1868
384 0.9052044631361598 -0.08129191774449704 -0.382346421384657 29 32 31 0.0158308687687273 6 2063 7 1869
385 0.9047278366618975 -0.09743101757877405 -0.38250654036188586 31 31 33 0.0028060804283303116 6 2114 7 1942
386 0.9395295032862663 0.07670069256364666 -0.3874082547506419 47 47 51 0.035017942694341386 6 908 8 580 9 461
387 0.9257628448308196 0.06446763790281666 -0.38434240789130636 196 202 204 0.002181474444570564 6 1012 8 652
388 0.9257628448308196 0.06446763790281666 -0.38434240789130636 196 202 204 0.002181474444570564 6 1013 8 653
389 0.8749936710211866 0.059150017674906866 -0.38802390116173735 30 33 34 0.0011657342072693487 6 1029 8 641
390 0.9488859352277921 0.05463410265730131 -0.3850957097364735 40 49 50 0.014847738881950382 6 1094 8 795
391 0.8647007035739556 0.005901399203986663 -0.3864864905381475 49 48 57 0.007537020565196161 6 1428 8 1112
392 0.8611562504599576 0.002951033227205767 -0.3866293516932077 192 195 198 0.017898826540350632 6 1452 8 1135
393 0.861590069888398 -0.0012409850802662303 -0.3870862241300514 48 35 43 0.03467087088107943 6 1492 8 1187
394 0.861590069888398 -0.0012409850802662303 -0.3870862241300514 48 35 43 0.03467087088107943 6 1493 8 1188
395 0.8994650763019362 -0.021889033852451587 -0.3854721424179685 187 190 193 0.03000989612759553 6 1654 8 1336
396 0.892776062794568 -0.022104192789509154 -0.38555632149032504 47 41 40 0.026496129945665713 6 1655 8 1338
397 0.8916571153489669 -0.03362606201936338 -0.3848234080747322 183 187 189 0.008718561656199815 6 1736 8 1435
398 0.8916571153489669 -0.03362606201936338 -0.3848234080747322 183 187 189 0.008718561656199815 6 1737 8 1436
399 0.9101675063456118 -0.040103980061474975 -0.3834386270991134 182 188 188 0.005755801955585215 6 1777 8 1485
400 0.8605698883236592 -0.05656828606382284 -0.3852790126950702 181 184 187 0.012707453154439385 6 1936 8 1609
401 0.9239123215537134 -0.0635652215548815 -0.38372884558852843 44 34 38 0.0058430464383524075 6 1942 8 1645
402 0.9239123215537134 -0.0635652215548815 -0.38372884558852843 44 34 38 0.0058430464383524075 6 1943 8 1646
403 0.8692189283891661 -0.06133492693559604 -0.38532208067437 182 183 185 0.026460744773908192 6 1970 8 1648
404 0.8692189283891661 -0.06133492693559604 -0.38532208067437 182 183 185 0.026460744773908192 6 1971 8 1649
405 0.8582791258022952 -0.06057768022599621 -0.387404424100908 32 31 38 0.013058832826643035 6 1972 8 1643
406 0.9619704432396294 -0.09472393544413533 -0.3814638949079037 55 46 52 0.1363325963518611 6 2084 8 1855 9 1736
407 0.8970310557994984 -0.08785949474630175 -0.384492278689343 34 33 35 0.01889986555552974 6 2089 8 1840
408 0.916880898793714 -0.10137873592676648 -0.3812507893058883 28 34 32 0.030566508733867397 6 2121 8 1906
409 0.8797426966342247 0.1116952088696778 -0.39190223168913796 36 36 38 0.006791154172960462 6 603 9 251
410 0.8912552462745581 0.10726765942782433 -0.38976891546401976 39 39 41 0.005026899950332231 6 628 9 256
411 0.9395295032885399 0.07670069256530633 -0.38740825475538376 47 47 51 0.035017942694326995 6 907 9 460 8 579
412 0.8728916154999262 0.06488569428386454 -0.38772284694649395 197 200 205 0.005999663895201172 6 969 9 449
413 0.8728916154999262 0.06488569428386454 -0.38772284694649395 197 200 205 0.005999663895201172 6 970 9 450
414 0.8966138567726089 0.04157246189381468 -0.3870609214908319 194 198 201 0.018040397193354325 6 1160 9 664
415 0.8966138567726089 0.04157246189381468 -0.3870609214908319 194 198 201 0.018040397193354325 6 1162 9 665
416 0.9567325863659203 0.041146219441123996 -0.38608403220379667 196 202 203 0.004420331640253354 6 1187 9 752
417 0.9567325863659203 0.041146219441123996 -0.38608403220379667 196 202 203 0.004420331640253354 6 1189 9 753
418 0.896943551816685 0.03380849155345655 -0.38696517320290164 191 198 202 0.020751639679876532 6 1222 9 741
419 0.8924312165416213 0.029345596979167034 -0.3868643280290218 192 195 198 0.0006274542819748404 6 1245 9 776
420 0.9037217691320439 0.029771934733502595 -0.3868073564345711 191 196 201 0.012414390886945877 6 1246 9 794
421 0.9390400539941793 0.013730314874659881 -0.3861272271575423 46 48 56 0.005366896210760382 6 1376 9 982
422 0.9325399938121877 0.006860207480025361 -0.3871111207469841 190 196 198 0.020638558949375475 6 1421 9 1022
423 0.9239882278523845 0.0063803516343882375 -0.38585283925292907 49 43 48 0.018260915238861752 6 1423 9 1017
424 0.906403189002828 -0.019419290714259657 -0.3867010555310654 31 35 36 0.0068133691075701495 6 1637 9 1196
425 0.906403189002828 -0.019419290714259657 -0.3867010555310654 31 35 36 0.0068133691075701495 6 1638 9 1197
426 0.9639308322352117 -0.0838864512301899 -0.3819507013878972 198 201 202 0.013995398566570002 6 2042 9 1675
427 0.9679963274414093 0.10570157597846737 -0.3888042933855175 195 201 201 0.010348080154179201 7 527 9 307
428 0.8893397682570973 0.08979751100492538 -0.38914183472597214 46 43 41 0.011007663251729922 7 539 9 295
429 0.9073305285203063 0.08944975459967278 -0.38729191446361066 45 44 44 0.035102250347314554 7 554 9 323
430 0.9073305285203063 0.08944975459967278 -0.38729191446361066 45 44 44 0.035102250347314554 7 555 9 324
431 0.9597003785885124 0.0983731966490791 -0.3884485663969269 67 68 74 0.026963475063936537 7 559 9 340
432 0.9597003785885124 0.0983731966490791 -0.3884485663969269 67 68 74 0.026963475063936537 7 560 9 341
433 0.9559085955362694 0.09697191814682689 -0.38777638115143787 194 202 202 0.030163791609706503 7 566 9 347
434 0.9660496441162232 0.09397066372574413 -0.38854940025080004 194 201 200 0.002221834405130176 7 598 9 386
435 0.8910775659584332 0.04367108993099018 -0.38875099680722497 37 37 41 0.029926709105538803 7 966 9 644
436 0.8910775659584332 0.04367108993099018 -0.38875099680722497 37 37 41 0.029926709105538803 7 967 9 646
437 0.8910775659584332 0.04367108993099018 -0.38875099680722497 37 37 41 0.029926709105538803 7 968 9 647
438 0.9439449729565721 0.04899441130710311 -0.3905517550357005 41 42 44 0.025897760656795173 7 973 9 673
439 0.9439449729565721 0.04899441130710311 -0.3905517550357005 41 42 44 0.025897760656795173 7 974 9 674
440 0.9535223657045083 0.04557343780584239 -0.38827728632704733 51 50 54 0.01984913394189899 7 999 9 708
441 0.9595747991033542 0.029919736409221805 -0.38602222040763856 191 200 203 0.007510719571798886 7 1089 9 864
442 0.9672692385264235 0.030052217682115252 -0.3856883670201407 190 200 203 0.026263663228078642 7 1092 9 869
443 0.9672692385264235 0.030052217682115252 -0.3856883670201407 190 200 203 0.026263663228078642 7 1096 9 872
444 0.953703622107333 0.02787759038126001 -0.38645526785925616 40 47 48 0.00045802061289513716 7 1107 9 878
445 0.9491846199563442 0.01779774445339811 -0.38708855402213377 46 51 54 0.014763900131469792 7 1176 9 962
446 0.9237426449958079 0.0024688435352369646 -0.3861835999045122 189 196 197 0.03543696342748405 7 1285 9 1043
447 0.9248373901875802 -0.0007619417157754424 -0.3871108213791593 49 37 41 0.017933879246303443 7 1317 9 1077
448 0.9248373901875802 -0.0007619417157754424 -0.3871108213791593 49 37 41 0.017933879246303443 7 1318 9 1078
449 0.9319239211043403 -0.0010914777925744635 -0.3859322226303431 57 52 56 0.02386135410598831 7 1321 9 1081
450 0.9277573616564141 -0.0017262966149193227 -0.38578650440903633 187 195 199 0.027925029688994362 7 1323 9 1082
451 0.9354960467859897 -0.0018881346914649416 -0.38504354028543686 190 197 201 0.011590754817263977 7 1324 9 1090
452 0.9354960467859897 -0.0018881346914649416 -0.38504354028543686 190 197 201 0.011590754817263977 7 1325 9 1091
453 0.942204309843936 -0.008601343950968043 -0.3849781622841636 195 201 203 0.011769477293995082 7 1365 9 1134
454 0.9108486252774377 -0.014194337895830952 -0.3853825831173999 189 195 197 0.010715059350750967 7 1392 9 1164
455 0.9657755957987914 -0.02204785206168788 -0.38336395912077736 50 52 60 0.022681144051872406 7 1448 9 1233
456 0.9657755957987914 -0.02204785206168788 -0.38336395912077736 50 52 60 0.022681144051872406 7 1449 9 1234
457 0.8996600240483517 -0.03246998107147604 -0.3853442094840393 51 47 54 0.03290559508587698 7 1528 9 1290
458 0.8996600240483517 -0.03246998107147604 -0.3853442094840393 51 47 54 0.03290559508587698 7 1529 9 1291
459 0.9962382634334317 -0.06177111327156459 -0.3840298951936172 195 201 203 0.027225640864488095 7 1686 9 1504
460 0.9940673555794106 -0.06497647701258485 -0.38367362626340035 194 200 199 0.014038207745214302 7 1715 9 1526
461 0.9940673555794106 -0.06497647701258485 -0.38367362626340035 194 200 199 0.014038207745214302 7 1716 9 1527
462 0.8667617599314695 -0.06640145955548835 -0.3847144312202356 28 31 32 0.032616229695650034 7 1783 9 1545
463 0.9521866468645733 -0.08019305514427037 -0.38414617486912234 43 48 55 0.011580833499610147 7 1833 9 1651
464 0.9614451314096855 -0.09082486284987537 -0.3820941930183633 194 202 203 0.011674864697710369 7 1899 9 1712
465 0.9006429269477204 -0.08776430116983513 -0.3835433066385046 39 39 43 0.005950464340723875 7 1908 9 1710
466 0.918935590132775 0.11058677884330265 -0.38822291800744213 41 41 45 0.030981661079684808 8 380 9 262
467 0.9407899955044657 0.11010819736765 -0.3874750808111123 39 42 45 0.03484444863173447 8 395 9 268
468 0.9056697536311664 0.09020487307432319 -0.38782779523312777 57 58 65 0.009926502667344078 8 463 9 319
469 0.8852705455818178 0.08603143385586037 -0.38832461262633794 200 203 206 0.008154794078963662 8 469 9 315
470 0.9680172105783215 0.09892972429775265 -0.38638447618472394 44 52 53 0.026756569719208236 8 481 9 349
471 0.9603578818233837 0.0965620048709088 -0.3870780228806441 56 59 62 0.00935137573341914 8 483 9 357
472 0.9110491229059997 0.08576409434674208 -0.3872178364662669 200 202 205 0.009051439197993876 8 496 9 358
473 0.9110491229059997 0.08576409434674208 -0.3872178364662669 200 202 205 0.009051439197993876 8 497 9 359
474 0.9741293397821299 0.08609470256968947 -0.3866374050704017 195 202 202 0.01570063442256367 8 548 9 437
475 0.9812896456228912 0.08078565658560843 -0.38759706257798227 193 200 200 0.021403301885696783 8 600 9 490
476 0.9354079919623265 0.06130518100413689 -0.3863075248211107 35 41 46 0.0010551875163899702 8 707 9 566
477 0.8854880594720401 0.05412160370615856 -0.385631975063201 34 37 38 0.011232920181305846 8 711 9 548
478 1.0020820302766136 0.06977773908549394 -0.3860167050281011 76 76 80 0.011274804182807834 8 717 9 578
479 1.0024978591455787 0.05858639847420007 -0.3864690016260628 74 77 80 0.01665370046420607 8 815 9 658
480 0.981154488788255 0.04978671974730242 -0.38802449023930874 61 67 71 0.0353989948373346 8 874 9 704
481 0.981154488788255 0.04978671974730242 -0.38802449023930874 61 67 71 0.0353989948373346 8 875 9 705
482 0.9694007742894283 0.033697220815708584 -0.3839809792691167 54 57 56 0.018827074913818482 8 981 9 833
483 0.8888083244978352 0.026056851887250432 -0.38585103916958785 46 43 47 0.0076243439726509325 8 985 9 807
484 0.8888083244978352 0.026056851887250432 -0.38585103916958785 46 43 47 0.0076243439726509325 8 986 9 808
485 0.9485982569066413 0.0229137171236645 -0.38585618102203617 196 203 207 0.03240867718031569 8 1031 9 909
486 0.9485982569066413 0.0229137171236645 -0.38585618102203617 196 203 207 0.03240867718031569 8 1032 9 910
487 1.0016885269502946 0.012266607286736758 -0.3863407073014888 70 78 79 0.03265603957927035 8 1125 9 1027
488 0.9863771304838969 0.010223781821812078 -0.383559959283791 194 202 201 0.024996458939608016 8 1133 9 1028
489 0.9863771304838969 0.010223781821812078 -0.383559959283791 194 202 201 0.024996458939608016 8 1134 9 1029
490 0.9836356437347876 0.006316839943107791 -0.38453596495945924 61 67 69 0.011402767661844837 8 1172 9 1060
491 0.9601562231561586 0.004051663925038636 -0.3850171156620032 34 44 44 0.034714794157367834 8 1185 9 1062
492 0.9601562231561586 0.004051663925038636 -0.3850171156620032 34 44 44 0.034714794157367834 8 1186 9 1063
493 0.9896395322113504 0.002149541672800889 -0.3828634461402734 80 78 77 0.028519821118504228 8 1207 9 1092
494 0.9916585243507077 -0.0012207660611836453 -0.3818706156465924 195 203 204 0.033186457499350945 8 1234 9 1113
495 0.9986508239587719 -0.0034873021315428776 -0.3818355424626979 67 78 78 0.01708268477748978 8 1249 9 1132
496 0.9625813372710871 -0.021008366680933088 -0.38378852940562935 193 201 202 0.010338625956836104 8 1340 9 1224
497 0.9580186702455267 -0.023141055653440504 -0.3857352211952503 196 202 204 0.033739422873569236 8 1352 9 1242
498 0.9624446965167547 -0.02509381018106693 -0.3834955010463272 55 52 56 0.030977612413961235 8 1367 9 1250
499 0.9624446965167547 -0.02509381018106693 -0.3834955010463272 55 52 56 0.030977612413961235 8 1368 9 1251
500 0.9664635893341413 -0.025400917230028262 -0.3834023205973221 194 202 203 0.02509974575022557 8 1370 9 1256
501 0.9664635893341413 -0.025400917230028262 -0.3834023205973221 194 202 203 0.02509974575022557 8 1371 9 1257
502 0.9587773248769794 -0.026286754839426267 -0.3826784002884416 202 211 212 0.026445332644117303 8 1380 9 1264
503 0.9937118418475754 -0.02727297511014821 -0.38325433215101995 53 64 64 0.01385032634554805 8 1387 9 1285
504 0.9525541911000144 -0.028956177851995835 -0.3854069767495957 45 50 57 0.014221974813843312 8 1400 9 1286
505 0.9548265628392035 -0.033006882814713714 -0.3839764933582762 188 199 199 0.02647544802383644 8 1421 9 1304
506 0.9548265628392035 -0.033006882814713714 -0.3839764933582762 188 199 199 0.02647544802383644 8 1422 9 1305
507 0.9548265628392035 -0.033006882814713714 -0.3839764933582762 188 199 199 0.02647544802383644 8 1423 9 1307
508 0.9548265628392035 -0.033006882814713714 -0.3839764933582762 188 199 199 0.02647544802383644 8 1425 9 1303
509 0.9520116161994879 -0.03653906146135746 -0.38459305077885425 49 56 60 0.011894015004884335 8 1455 9 1329
510 0.9484887507243057 -0.040092230991448374 -0.38473701934145466 192 201 202 0.003061510005797678 8 1479 9 1354
511 0.9484887507243057 -0.040092230991448374 -0.38473701934145466 192 201 202 0.003061510005797678 8 1480 9 1355
512 0.9277922051156706 -0.053053274888058416 -0.3843149476809107 52 51 54 0.006433973457772389 8 1565 9 1420
513 0.9277922051156706 -0.053053274888058416 -0.3843149476809107 52 51 54 0.006433973457772389 8 1566 9 1421
514 0.9909290349121025 -0.05603292876341359 -0.38337628290532866 62 71 72 0.012843800289978329 8 1573 9 1447
515 0.9909290349121025 -0.05603292876341359 -0.38337628290532866 62 71 72 0.012843800289978329 8 1574 9 1448
516 0.9907010532192938 -0.06003854015036891 -0.3830627559152954 189 200 198 0.03327369674140129 8 1600 9 1480
517 0.9272416121190185 -0.06451650492648682 -0.38370455069773973 180 187 187 0.022647091664885773 8 1660 9 1524
518 0.9418730978714132 -0.07118110370369822 -0.3832635263830121 191 196 196 0.011889486877068315 8 1707 9 1570
519 0.9161762155601124 -0.07115118713378846 -0.38267338426142367 181 187 189 0.00732416139848327 8 1721 9 1580
520 0.9427598496333909 -0.07666163471166788 -0.38480284180241325 36 40 43 9.42451875681135e-05 8 1741 9 1618
521 0.9427598496333909 -0.07666163471166788 -0.38480284180241325 36 40 43 9.42451875681135e-05 8 1742 9 1619
522 0.9549272328193517 -0.08350768884569183 -0.38325068359671843 192 198 200 0.011701153488168317 8 1783 9 1673
523 0.9549272328193517 -0.08350768884569183 -0.38325068359671843 192 198 200 0.011701153488168317 8 1784 9 1674
524 0.9664215501689596 -0.08702773090644822 -0.3832754707572101 58 57 63 0.012283001472807182 8 1798 9 1687
525 0.9683491163108111 -0.08923551595558632 -0.38255179592509003 43 48 53 0.01263486904292315 8 1812 9 1700
526 0.9683491163108111 -0.08923551595558632 -0.38255179592509003 43 48 53 0.01263486904292315 8 1813 9 1701
527 0.965629184278738 -0.0919293714362799 -0.38194502720969736 63 63 67 0.02019714045989974 8 1832 9 1720
528 0.966324069799358 -0.09534388560482447 -0.38212984970641894 189 197 198 0.004035557301365021 8 1856 9 1738
529 0.9812854894388022 -0.10096254437766991 -0.3821127431911053 46 55 56 0.0016038618276410395 8 1881 9 1761
530 0.8543328223737434 0.026906543169834114 -0.3896304446741989 23 28 26 0.01163087604798669 13 937 17 662
531 0.88740631948751 0.022038535606755148 -0.3956323024247454 15 19 18 0.02319074186562227 13 977 17 729
532 0.8860351107736122 -0.005557213688658191 -0.3889182683960609 12 18 16 0.025495832497389053 13 1106 17 869
533 0.8338523422635964 -0.013914799713857144 -0.3949041245589492 178 181 184 0.013554068411614374 13 1150 17 916
534 0.9645809150890507 -0.08882482542805023 -0.3797766295964651 38 36 38 0.031065062148814885 13 1470 17 1225
535 0.9656668931933701 -0.089186111877289 -0.381556923479102 37 43 45 0.18645365780401185 13 1471 17 1226 14 1167 18 1059
536 0.9305851461652194 -0.09067350682341187 -0.3856248459799759 12 19 13 0.01164928817019828 13 1481 17 1233
537 0.8919494257626815 0.11337633731872596 -0.3936198376416148 26 29 30 0.02587561788037824 13 558 18 91
538 0.9688287665781619 0.11078389281119923 -0.3899487696728091 172 174 173 0.006386942331654783 13 593 18 132
539 0.9037770736523538 0.09811530046581841 -0.38932375328261626 167 170 169 0.02569508382362795 13 598 18 124
540 0.9037770736523538 0.09811530046581841 -0.38932375328261626 167 170 169 0.02569508382362795 13 599 18 125
541 0.8893159141687327 0.09409747033393917 -0.39040975301536346 25 27 24 0.016722739763677164 13 604 18 128
542 0.944011337880819 0.08541954086199904 -0.38922566451302315 161 167 166 0.01962527989103149 13 672 18 207
543 0.944011337880819 0.08541954086199904 -0.38922566451302315 161 167 166 0.01962527989103149 13 673 18 208
544 0.8602769562982348 0.0646264062170494 -0.38901457949338714 162 170 171 0.010308183393803764 13 731 18 229
545 0.8602769562982348 0.0646264062170494 -0.38901457949338714 162 170 171 0.010308183393803764 13 732 18 230
546 0.9120028801335139 0.05279660117595278 -0.3894484024795464 145 158 157 0.004281091257231241 13 818 18 342
547 0.9120028801335139 0.05279660117595278 -0.3894484024795464 145 158 157 0.004281091257231241 13 819 18 341
548 0.8927527504322551 0.041680241350861666 -0.3896974430955741 141 157 157 0.032678284191409335 13 869 18 397
549 0.9384186101853256 0.016656670605878783 -0.38484135083020277 37 43 45 0.6663326745697911 13 1005 18 566 22 997
550 0.879434494752897 -0.012039196830217206 -0.3892320366681136 12 18 16 0.03549754150555473 13 1141 18 708
551 0.8908454092579907 -0.016419533060852323 -0.387616245722059 12 18 18 0.027568489799383318 13 1164 18 732
552 0.8922250433382031 -0.022199833137456538 -0.3868397723281889 128 146 144 0.02437372299646801 13 1198 18 768
553 0.9011471909276499 -0.02703054789029727 -0.3861973456253036 127 144 141 0.022838249522044038 13 1226 18 789
554 0.9011471909276499 -0.02703054789029727 -0.3861973456253036 127 144 141 0.022838249522044038 13 1227 18 790
555 0.8997314182904002 -0.029422934508587184 -0.3866000441722643 23 22 24 0.02787689477628987 13 1247 18 804
556 0.8997314182904002 -0.029422934508587184 -0.3866000441722643 23 22 24 0.02787689477628987 13 1248 18 805
557 0.8894784442959197 -0.03357205761197682 -0.38726108692447364 16 22 23 0.00022222363915029382 13 1267 18 830
558 0.8894784442959197 -0.03357205761197682 -0.38726108692447364 16 22 23 0.00022222363915029382 13 1268 18 831
559 0.9370613588415212 -0.05458233125591275 -0.3854646473830639 131 144 141 0.016684021433194376 13 1330 18 923
560 0.9370613588415212 -0.05458233125591275 -0.3854646473830639 131 144 141 0.016684021433194376 13 1331 18 924
561 0.928275136998005 -0.057522287518444355 -0.385613385468914 30 29 30 0.018439651764438358 13 1347 18 941
562 0.928275136998005 -0.057522287518444355 -0.385613385468914 30 29 30 0.018439651764438358 13 1348 18 942
563 0.928275136998005 -0.057522287518444355 -0.385613385468914 30 29 30 0.018439651764438358 13 1349 18 943
564 0.928275136998005 -0.057522287518444355 -0.385613385468914 30 29 30 0.018439651764438358 13 1350 18 944
565 0.928275136998005 -0.057522287518444355 -0.385613385468914 30 29 30 0.018439651764438358 13 1351 18 945
566 0.92416328841955 -0.057844093088315326 -0.3860550107658898 136 144 142 0.021775210732000016 13 1354 18 950
567 0.8908095616987295 0.094481579518786 -0.38320444747648996 165 169 170 0.032344416675375964 13 596 19 94
568 0.9147883950570186 0.08180754956821094 -0.38228457264933796 182 181 181 0.024617534016042865 13 656 19 153
569 0.9209887311670722 0.06707339526002347 -0.3815076644402531 179 182 177 0.006607266630983672 13 736 19 217
570 0.8314842686363216 0.043143058529248254 -0.3824418949642849 171 174 177 0.03537861799869849 13 823 19 294
571 0.9521936353132541 0.03618909586695758 -0.3797404285759076 178 182 177 0.0030111714807207605 13 902 19 367
572 0.9521936353132541 0.03618909586695758 -0.3797404285759076 178 182 177 0.0030111714807207605 13 903 19 368
573 0.9534007398845997 0.032930945962750084 -0.3806768359834785 44 44 44 0.0789020880858511 13 922 19 393 22 887
574 0.9534007398845997 0.032930945962750084 -0.3806768359834785 44 44 44 0.0789020880858511 13 923 19 394 22 888
575 0.9601915788333835 0.032277956014731025 -0.3798016066589753 39 46 40 0.0077236013012450325 13 925 19 400
576 0.9601915788333835 0.032277956014731025 -0.3798016066589753 39 46 40 0.0077236013012450325 13 926 19 401
577 0.939969650889892 0.019993356054492754 -0.3804444161877744 176 181 179 0.015776582805439816 13 985 19 460
578 0.9770304214404109 0.020146861332745198 -0.3795805492034224 181 182 178 0.02510090705212424 13 992 19 472
579 0.9770304214404109 0.020146861332745198 -0.3795805492034224 181 182 178 0.02510090705212424 13 993 19 473
580 0.9189247159875492 0.00887026632760063 -0.38129348031046323 28 34 33 0.021335050501286413 13 1040 19 516
581 0.9845303910787624 0.0023071118018332996 -0.37984435941778194 65 68 70 0.025622138228936973 13 1074 19 573
582 0.9811166577169492 -0.0009203042043465911 -0.37821882025823306 58 66 66 0.02264168823434797 13 1091 19 590
583 0.9811166577169492 -0.0009203042043465911 -0.37821882025823306 58 66 66 0.02264168823434797 13 1092 19 592
584 0.946047543161515 -0.010993338950051435 -0.3800830800438093 177 180 179 0.00455087803409799 13 1126 19 625
585 0.9632901972161367 -0.0187794994363431 -0.3786238472126088 46 45 47 0.024860925593516048 13 1172 19 679
586 0.976953705879942 -0.041857146161931806 -0.37873519959164137 175 181 181 0.012524254013067193 13 1292 19 827
587 0.976953705879942 -0.041857146161931806 -0.37873519959164137 175 181 181 0.012524254013067193 13 1293 19 826
588 0.9314192515695218 -0.051308359790889047 -0.3806465515189185 168 176 173 0.004810474524130975 13 1326 19 848
589 0.9808580065451015 -0.05659913322585068 -0.37845320151376766 48 56 57 0.01000718538938193 13 1339 19 873
590 0.9531504616856127 -0.09344581497999468 -0.37794580336618355 27 35 34 0.14777269948374175 13 1483 19 988 22 1478
591 0.8970648913580055 0.10051607514988524 -0.3840434877023631 32 32 32 0.010175723827300191 13 586 22 434
592 0.8970648913580055 0.10051607514988524 -0.3840434877023631 32 32 32 0.010175723827300191 13 587 22 435
593 0.9577971946197541 0.10667496830320909 -0.3830318683908325 53 51 43 0.02954489250535103 13 592 22 424
594 0.957771585268443 0.09862898841406309 -0.3822860648243264 47 50 51 0.02559679540323585 13 612 22 462
595 0.9339465306231415 0.07586195299050778 -0.38293254420676526 187 195 196 0.012731651196881725 13 699 22 618
596 0.9339465306231415 0.07586195299050778 -0.38293254420676526 187 195 196 0.012731651196881725 13 700 22 619
597 0.9338582665013792 0.07284185873313297 -0.3841966286771348 189 195 195 0.001117735849476173 13 722 22 640
598 0.9256217068297258 0.06319875052239192 -0.3818100939065282 188 194 194 0.004370820587742351 13 764 22 710
599 0.9464454228177567 0.05116314461457591 -0.3816679729275205 148 161 156 0.02980304921674377 13 828 22 781
600 0.9061104086200337 0.04750347154481806 -0.38340040597869335 30 31 30 0.00426691739859374 13 829 22 810
601 0.9061104086200337 0.04750347154481806 -0.38340040597869335 30 31 30 0.00426691739859374 13 830 22 811
602 0.8911671434470343 0.04289408318368175 -0.38232708890588407 38 30 23 0.030417287269596718 13 854 22 843
603 0.9018542159122278 0.041768140986014425 -0.38292346187117887 23 29 27 0.027673089085164113 13 862 22 848
604 0.8975336451991066 0.03511734816036119 -0.3811376585127448 36 37 38 0.00046764994647025226 13 894 22 891
605 0.9610224321444081 0.03564722660497073 -0.38092798466470107 28 37 38 0.001444842232959271 13 908 22 866
606 0.8749211113989229 0.01625849918797556 -0.382240469653546 29 29 29 0.0121778148695909 13 996 22 1030
607 0.8706251588132886 0.007895762901312442 -0.3828344227954103 42 42 45 0.0069387684896397295 13 1038 22 1091
608 0.8706251588132886 0.007895762901312442 -0.3828344227954103 42 42 45 0.0069387684896397295 13 1039 22 1092
609 0.871438314588425 0.0046121182424211605 -0.38236549261795816 176 181 183 0.010700677241838858 13 1051 22 1117
610 0.9256598795678591 0.005156596330538129 -0.3809012316454577 38 38 40 0.013032358099447252 13 1052 22 1071
611 0.9256598795678591 0.005156596330538129 -0.3809012316454577 38 38 40 0.013032358099447252 13 1053 22 1072
612 0.9214912363385208 0.005029197734154323 -0.381060154679854 175 181 181 0.01126581568884761 13 1056 22 1073
613 0.9214912363385208 0.005029197734154323 -0.381060154679854 175 181 181 0.01126581568884761 13 1057 22 1074
614 0.9214912363385208 0.005029197734154323 -0.381060154679854 175 181 181 0.01126581568884761 13 1058 22 1075
615 0.9255109207479991 0.0009374452415113586 -0.3807300069046792 172 180 177 0.02758511303730097 13 1079 22 1105
616 0.8712283996885667 -0.053150183471356964 -0.3805056911342669 166 166 168 0.024161694557084102 13 1344 22 1399
617 0.990058952641311 -0.06121523898347659 -0.3769032742520772 170 175 176 0.010508118487866404 13 1359 22 1351
618 0.990058952641311 -0.06121523898347659 -0.3769032742520772 170 175 176 0.010508118487866404 13 1360 22 1352
619 0.8705391926543199 -0.05646193720035039 -0.38023750344546753 32 28 32 0.01712975586711102 13 1367 22 1410
620 0.8705391926543199 -0.05646193720035039 -0.38023750344546753 32 28 32 0.01712975586711102 13 1368 22 1411
621 0.859743460401789 -0.061407264983174586 -0.3818528064350376 168 167 169 0.02112166041722358 13 1395 22 1436
622 0.859743460401789 -0.061407264983174586 -0.3818528064350376 168 167 169 0.02112166041722358 13 1396 22 1437
623 0.903757563885928 -0.07771064340706064 -0.3788333496501523 23 26 25 0.02357603938221385 13 1448 22 1460
624 0.903757563885928 -0.07771064340706064 -0.3788333496501523 23 26 25 0.02357603938221385 13 1449 22 1461
625 0.887432223406784 -0.07683804557013033 -0.38034398439735295 24 24 25 0.023262020017360586 13 1453 22 1470
626 0.8985190615530568 -0.08021733590371859 -0.3800000848103232 171 171 171 0.03559374140284958 13 1461 22 1473
627 0.8997225041911892 -0.08448449773020172 -0.38084243616722085 26 29 30 0.016760814127054293 13 1476 22 1484
628 0.895898568182273 -0.08447135677322587 -0.38155131801819175 25 25 25 0.008225914714170836 13 1477 22 1487
629 0.8912760431213055 -0.09209273481338055 -0.3814145996273586 170 171 171 0.026893985565924608 13 1491 22 1493
630 0.9532139449487459 0.09722759197905684 -0.3768600540830592 55 52 51 0.014548713030714028 13 606 25 1248
631 0.9532139449487459 0.09722759197905684 -0.3768600540830592 55 52 51 0.014548713030714028 13 607 25 1249
632 0.9340497127531336 0.0763487650549434 -0.37655957958988606 40 43 44 0.012324446095053477 13 682 25 1306
633 0.9276460172216258 0.0655133028906353 -0.37756087075335926 39 42 43 0.02222941829131114 13 741 25 1346
634 0.9276460172216258 0.0655133028906353 -0.37756087075335926 39 42 43 0.02222941829131114 13 742 25 1347
635 0.9761088631509143 0.015514958623750337 -0.37271828682580666 67 75 76 0.028659972703283396 13 1008 25 1829
636 0.9302051257800447 0.012216860946201379 -0.3741381646086942 170 173 172 0.013904758603619703 13 1018 25 1700
637 0.9763393564271834 0.008353458939801248 -0.37306139131880917 63 71 72 0.0026319933692645907 13 1044 25 1869
638 0.9550802697245535 -0.023124957670111353 -0.37529648927097903 166 172 170 0.031890724475402595 13 1197 25 1984
639 0.9813778111622022 -0.05144573597109782 -0.3688146795249994 40 49 49 0.027063416798880333 13 1320 25 2225
640 0.8315956473014638 0.1089714973368107 -0.39339098295819847 188 188 190 0.0013445056523365409 14 232 16 231
641 0.9845126506771863 0.08590987698046061 -0.3922819075629129 187 190 189 0.01857657562131392 14 401 16 430
642 0.9877648724985005 0.08240689485710999 -0.39217416086879753 61 69 70 0.0026236983317435647 14 420 16 453
643 0.9877323648974121 0.06953285229684697 -0.38629300477798806 183 185 181 0.5994004268268269 14 491 16 510 18 303
644 0.9877323648974121 0.06953285229684697 -0.38629300477798806 183 185 181 0.5994004268268269 14 492 16 511 18 304
645 0.9095603342779162 0.04922628439965605 -0.39345998270665744 28 31 26 0.02526178213941727 14 595 16 590
646 0.9621648055132027 0.04590396622274783 -0.39127951327672467 182 190 189 0.016854908724972997 14 603 16 620
647 0.9662878684576949 0.03006032959016167 -0.3910073853688328 40 48 48 0.0005201994532219552 14 683 16 701
648 0.9857628671152322 0.00960376655156834 -0.38748832233809644 49 55 57 0.018413312396055623 14 777 16 795
649 0.9617874235281533 0.006973217417991937 -0.38785431910309204 27 33 31 0.0012154090944266986 14 791 16 810
650 0.9896711824600678 0.0023894780794716888 -0.3877170232913523 52 51 58 0.030523320817469415 14 815 16 833
651 0.9691191460791825 -0.022871906853521397 -0.38773203814713103 185 189 188 0.019097633974262673 14 928 16 954
652 0.9691191460791825 -0.022871906853521397 -0.38773203814713103 185 189 188 0.019097633974262673 14 929 16 955
653 0.966938356986247 -0.030296803880014055 -0.38736997037919957 186 189 188 0.03543749390633504 14 966 16 983
654 0.9615412485111902 -0.03098605218227098 -0.3888767884680037 36 39 40 0.033383814167541305 14 969 16 987
655 0.9615412485111902 -0.03098605218227098 -0.3888767884680037 36 39 40 0.033383814167541305 14 970 16 988
656 0.9534652989021309 -0.0342496057808222 -0.3875820387454254 31 34 35 0.0310754293455812 14 984 16 1003
657 0.9668802861830772 -0.08290385090643944 -0.38709310001221486 186 189 192 0.0016089341686493933 14 1141 16 1171
658 0.8868615651802105 -0.0765594048784517 -0.39195285256796003 162 161 163 0.0018421258450648185 14 1144 16 1174
659 0.8868615651802105 -0.0765594048784517 -0.39195285256796003 162 161 163 0.0018421258450648185 14 1145 16 1175
660 1.0040399128115347 0.08151167817682904 -0.38729602586548767 75 78 81 0.012854457552633865 14 423 17 482
661 1.0016124757958031 0.08086157061688852 -0.3839720473566008 75 78 81 0.23041349387162638 14 424 19 213
662 1.000253410412589 0.07010817768093888 -0.3866077557565609 187 190 191 0.02559793578515985 14 493 17 530
663 0.9919251613021066 0.06781029828425181 -0.38089202546519557 64 58 60 0.1124784752438822 15 750 19 263
664 0.9888940187484359 0.0664613832245406 -0.38729664978994266 69 72 73 0.0038058324706030946 14 512 17 546
665 0.9888940187484359 0.0664613832245406 -0.38729664978994266 69 72 73 0.0038058324706030946 14 513 17 547
666 0.9878179908010377 0.013814957647184937 -0.3850451193654392 187 190 189 0.09787443181390211 14 762 17 785 18 606
667 0.98797861000467 0.013812827411567174 -0.38528366709071943 187 190 189 0.028177403765858224 14 763 17 786
668 0.9941464121872762 0.0024115595319175102 -0.3849833969059643 187 190 189 0.005000590041291646 14 817 17 850
669 0.961603625015913 0.10453687136272179 -0.3846785110018921 43 41 40 0.04839403630961357 15 551 16 308 17 330
670 0.9576426878682538 0.10061687194523421 -0.3849286916100689 54 52 51 0.005612288479790372 15 566 16 328
671 0.9576426878682538 0.10061687194523421 -0.3849286916100689 54 52 51 0.005612288479790372 15 567 16 329
672 0.953758472556249 0.09934597006494794 -0.3841857816410119 183 189 187 0.023110931465370573 15 568 16 333
673 0.953758472556249 0.09934597006494794 -0.3841857816410119 183 189 187 0.023110931465370573 15 569 16 334
674 0.9633202596081505 0.09589402205769547 -0.38403037091159437 185 188 187 0.02763484721512556 15 582 16 361
675 0.9720660261560442 0.08850997973652427 -0.3832021409801368 183 189 188 0.025104484449481188 15 629 16 394
676 0.9475460968884429 0.08327888785938081 -0.3851876003866049 36 42 42 0.02703486041087309 15 649 16 419
677 0.9227838562027676 0.07771987576370731 -0.38996084400761194 27 33 31 0.03548878163838539 15 675 16 439
678 0.9340500296401554 0.07600394898887 -0.3838900755488667 177 188 186 0.025984943573397343 15 684 16 446
679 0.9340500296401554 0.07600394898887 -0.3838900755488667 177 188 186 0.025984943573397343 15 685 16 447
680 0.9997345958986174 0.07215032894614423 -0.3821264181912399 66 78 80 0.010384912376788458 15 725 16 499
681 0.9338421421411818 0.06408654487512527 -0.38403685800049564 30 36 34 0.0006755630761352464 15 754 16 515
682 1.0040541763807251 0.051211652513721354 -0.3837848326680372 60 66 68 0.13836477484118756 15 832 16 599 17 615
683 0.9507733481025031 0.04772969389343194 -0.38353192894606275 39 45 47 0.024915898620342276 15 839 16 602
684 0.9686010787452825 0.04057228486036537 -0.3810550567830896 54 62 63 0.018237758205783026 15 867 16 644
685 0.9637177172925835 0.0404183202460773 -0.38244693155482806 184 190 190 0.028514484148829036 15 869 16 645
686 0.9276529287828518 0.037576155115760554 -0.3830300787593499 22 28 26 0.033164664744352694 15 882 16 648
687 0.8906193462446391 0.03183524242420182 -0.38405948593272343 167 175 174 0.01593868858670096 15 910 16 674
688 0.8950188444377173 0.02927768610236202 -0.3849626045000773 25 29 24 0.0013875799463515578 15 927 16 690
689 0.9788028529061106 0.02586948593586615 -0.38256098043849524 53 64 62 0.001576589259641501 15 939 16 733
690 0.9320944048307573 0.010433644189810935 -0.3853941520584019 165 171 169 0.10384504525401 15 1016 16 790 17 790
691 0.9320944048307573 0.010433644189810935 -0.3853941520584019 165 171 169 0.10384504525401 15 1017 16 791 17 791
692 0.9320944048307573 0.010433644189810935 -0.3853941520584019 165 171 169 0.10384504525401 15 1018 16 792 17 792
693 0.946996981622589 -0.005354811023558604 -0.38224149738860363 32 38 36 0.03252822837527696 15 1099 16 874
694 0.9998625870847909 -0.012141117687468709 -0.3783995962361478 42 50 51 0.028373471328434277 15 1112 16 899
695 0.9716309496619064 -0.010901659909885642 -0.3813311918075337 185 191 189 0.011078369322701731 15 1113 16 893
696 0.9608933859088274 -0.017884155832219095 -0.38111621217034214 181 189 188 0.03544209385766396 15 1146 16 932
697 0.8331017271421546 -0.012245516166754629 -0.3839539989653569 168 168 170 0.014385923572504133 15 1161 16 923
698 0.9527451952682587 -0.029793964661179874 -0.3804270094306115 184 187 186 0.02537999317736485 15 1201 16 990
699 0.8330327687559521 -0.027840839246928668 -0.3851701380398942 94 89 92 0.012114469170081223 15 1245 16 1012
700 0.8330327687559521 -0.027840839246928668 -0.3851701380398942 94 89 92 0.012114469170081223 15 1246 16 1013
701 0.9781750123235919 -0.04211734446050934 -0.380792745861729 189 192 187 0.01181359264832011 15 1247 16 1038
702 0.8314112894677324 -0.03149506589818977 -0.38510080095724686 94 88 92 0.005863270931945181 15 1261 16 1030
703 0.9849572359528441 -0.049419297600447935 -0.38073830764176153 188 188 188 0.0021774416938129854 15 1272 16 1073
704 0.8311737569919136 -0.037997098769501636 -0.3849209496635419 85 81 82 0.01950368231844379 15 1290 16 1071
705 0.8311737569919136 -0.037997098769501636 -0.3849209496635419 85 81 82 0.01950368231844379 15 1291 16 1072
706 0.9318247689310623 -0.051676946306256195 -0.38214195306521054 160 163 162 0.00972646234049129 15 1299 16 1089
707 0.9598291516939359 -0.055823866303040516 -0.3824494442139839 22 26 21 0.021483528949729002 15 1300 16 1094
708 0.9927535356317478 -0.062260991469222295 -0.38135321208396944 185 188 187 0.0021748650928049866 15 1303 16 1106
709 0.8727875577821258 -0.04818255399521838 -0.3836791209935093 20 20 20 0.006588881652145143 15 1308 16 1091
710 0.8727875577821258 -0.04818255399521838 -0.3836791209935093 20 20 20 0.006588881652145143 15 1309 16 1092
711 0.9894678452736774 -0.06428414380540425 -0.38044759277637297 32 32 34 0.004078175241064979 15 1315 16 1120
712 0.9293844355184637 -0.061132321503235755 -0.382104627648078 155 158 157 0.0007047870124342153 15 1327 16 1127
713 0.9477090641261331 -0.07384616574327771 -0.3826368216976632 183 183 183 0.0033914605714493785 15 1357 16 1158
714 0.9477090641261331 -0.07384616574327771 -0.3826368216976632 183 183 183 0.0033914605714493785 15 1358 16 1159
715 0.9514223178365638 -0.07767405047498148 -0.38307200856513934 27 31 34 0.030312898068542208 15 1367 16 1167
716 0.9639293874069943 -0.08819393707370334 -0.37891348755051946 38 38 42 0.015202662604124997 15 1391 16 1188
717 0.9642392418336219 -0.09165396414461215 -0.37869132141678075 183 189 191 0.010328348831892958 15 1399 16 1197
718 0.8952980125542489 -0.08419325011214239 -0.3808363140939639 21 21 21 0.027545766102341447 15 1409 16 1199
719 0.88472172330993 -0.09188883034884338 -0.37129592103933956 20 22 22 0.02186477072475917 15 1421 16 1213
720 0.9591933167595071 0.09962600878884625 -0.3852773423217778 47 51 51 0.029684795068442172 15 571 17 362
721 0.9859144283338701 0.06843495666885344 -0.38345088740224786 183 191 188 0.013036220058734683 15 743 17 526
722 0.9965725212466434 0.06481376006045222 -0.3830086941664506 185 191 189 0.17188015389245892 15 764 17 549 18 335
723 1.0002323527455805 0.06088268947277195 -0.3825936824061411 69 80 80 0.020474912153454476 15 776 17 567
724 0.9789172564299977 0.05694311213084735 -0.38338974165568385 184 190 188 0.018963048206763776 15 798 17 580
725 0.9593055632318132 0.006768047442636018 -0.3834165202751627 27 33 31 0.14970451742843902 15 1032 17 816 18 630
726 1.079361162542561 0.08672707112454225 -0.3874674967078613 119 123 122 0.008495618633578405 16 467 17 503
727 0.9308069728589253 0.06766588066520109 -0.3846821973816243 33 39 39 0.004040137808211245 16 489 17 498
728 0.9308069728589253 0.06766588066520109 -0.3846821973816243 33 39 39 0.004040137808211245 16 490 17 499
729 0.9943221699265079 0.0728426311377374 -0.3845212294153862 178 184 182 0.1751930634460705 16 491 17 509 18 289
730 1.003535776840722 -0.011303269589067699 -0.38208035064253854 59 67 66 0.034882561959397755 16 889 17 918
731 0.9999939803496386 -0.03521548769111963 -0.3780416257362622 42 50 49 0.021647514289282944 16 1000 17 1051
732 0.9819805498738255 -0.05705153611836767 -0.38045991938342383 32 40 41 0.00848498335209241 16 1093 17 1128
733 0.9994011761040672 -0.0644525314097335 -0.3798919475029991 43 47 51 0.005082224824457357 16 1113 17 1156
734 0.9994011761040672 -0.0644525314097335 -0.3798919475029991 43 47 51 0.005082224824457357 16 1114 17 1157
735 1.0018696102676328 0.08021594400942098 -0.3845038879406876 67 75 76 0.031909243161910635 16 456 18 265
736 1.0018696102676328 0.08021594400942098 -0.3845038879406876 67 75 76 0.031909243161910635 16 457 18 266
737 0.9943475996358339 0.07281363850471918 -0.3845667116282203 178 184 182 0.03376276744444839 16 492 18 290
738 0.9987762452443844 0.06921933294701645 -0.38465036841631695 179 185 183 0.021992046705246425 16 516 18 316
739 0.9944587933067727 0.0685700232777191 -0.3846246126338233 70 73 76 0.004759402526270812 16 520 18 312
740 0.9944587933067727 0.0685700232777191 -0.3846246126338233 70 73 76 0.004759402526270812 16 521 18 313
741 0.9944587933067727 0.0685700232777191 -0.3846246126338233 70 73 76 0.004759402526270812 16 522 18 314
742 0.9995921206809012 0.0002865515372230169 -0.382725392440329 60 71 71 0.029564558044812745 16 844 18 679
743 0.9548988248520055 -0.09458180514512045 -0.38131562994649504 28 31 33 0.0069674388412734175 16 1203 18 1067
744 0.9439773615494274 0.11769197220885232 -0.3918790101756005 27 33 33 0.02863975884598294 17 296 18 106
745 0.9716512319418915 0.11342776241100211 -0.38831050878589596 45 44 44 0.008279756593064451 17 318 18 123
746 0.9575156576083923 0.10454165057386074 -0.3884737915414285 185 185 185 0.018759064664321805 17 334 18 141
747 0.9575156576083923 0.10454165057386074 -0.3884737915414285 185 185 185 0.018759064664321805 17 335 18 142
748 0.9588456578976445 0.10160372140291166 -0.38690467538776774 42 41 44 0.004801413726169002 17 358 18 145
749 0.9588456578976445 0.10160372140291166 -0.38690467538776774 42 41 44 0.004801413726169002 17 359 18 146
750 0.9809010942282391 0.08437753384120623 -0.38661130922010306 183 183 183 0.01823324802246209 17 457 18 242
751 0.9876407369282618 0.07659023626481419 -0.3849686296971254 44 50 50 0.013528930124739314 17 495 18 270
752 0.9246474734743744 0.06573019416238655 -0.3879396881783022 44 38 34 0.01590911616573718 17 506 18 273
753 0.9246474734743744 0.06573019416238655 -0.3879396881783022 44 38 34 0.01590911616573718 17 507 18 274
754 0.9527960099574827 0.04860344754789919 -0.3869040826417842 34 37 40 0.008257607164548148 17 609 18 406
755 0.9598440142882941 0.04147615516639303 -0.3867368282858847 42 41 43 0.02690038834330628 17 637 18 442
756 0.9553337402895691 0.03729563329784435 -0.3856560200401961 166 170 169 0.004380951738316824 17 649 18 453
757 0.9553337402895691 0.03729563329784435 -0.3856560200401961 166 170 169 0.004380951738316824 17 650 18 454
758 0.9560992192842986 0.03381881714579573 -0.3857340867979169 45 42 37 0.024918663804234138 17 670 18 471
759 0.9560992192842986 0.03381881714579573 -0.3857340867979169 45 42 37 0.024918663804234138 17 671 18 472
760 0.9595073867640387 0.03309564058715977 -0.38556986900789797 163 171 168 0.014951921891466293 17 675 18 478
761 0.9742221338430168 0.0206910342344727 -0.38541036551611785 44 50 52 0.01756560992168771 17 754 18 564
762 0.9941667331807338 0.01319486186684227 -0.3846200577501493 171 177 172 0.02620018390276636 17 795 18 616
763 0.9598426078081806 0.006986614447171204 -0.38435627829261204 25 31 29 0.02708124925745362 17 815 18 629
764 0.941948478130082 -0.005762440763571401 -0.38417448568194046 178 185 183 1.9664925941304826e-06 17 878 18 688
765 0.9426173452579917 -0.011055708329473045 -0.3855252150392228 28 31 30 0.0006322029664904206 17 904 18 723
766 0.948535362310237 -0.011015715800623467 -0.3849455106466101 164 170 168 0.0024855634724416224 17 906 18 725
767 0.9628961622960188 -0.01798915134791095 -0.38394695984843147 164 172 169 0.005090572105750099 17 938 18 766
768 0.9593613549830475 -0.02325588187811081 -0.38325353904265186 164 172 170 0.0075986485835681725 17 969 18 785
769 0.9593613549830475 -0.02325588187811081 -0.38325353904265186 164 172 170 0.0075986485835681725 17 970 18 786
770 0.9283922064703019 -0.02455824141314244 -0.38294971708855013 18 24 22 0.032484985302778546 17 974 18 781
771 0.9283922064703019 -0.02455824141314244 -0.38294971708855013 18 24 22 0.032484985302778546 17 975 18 782
772 0.9929044781944364 -0.02443979166604391 -0.38169377509188407 46 55 54 0.00904310968348991 17 980 18 798
773 0.9698411539775089 -0.033454118060169645 -0.38367128043272786 40 45 49 0.020243516726586152 17 1041 18 848
774 0.9737997121327582 -0.0371911286771204 -0.3839428861047218 170 177 174 0.028742547255156778 17 1063 18 864
775 0.9737997121327582 -0.0371911286771204 -0.3839428861047218 170 177 174 0.028742547255156778 17 1064 18 865
776 0.9481774783640724 -0.037304266576315276 -0.38398898273796916 164 172 171 0.021550693285094194 17 1069 18 861
777 0.9481774783640724 -0.037304266576315276 -0.38398898273796916 164 172 171 0.021550693285094194 17 1070 18 862
778 0.9906305179577257 -0.05713296273670986 -0.3823174359330961 177 183 183 0.011370372075875568 17 1124 18 938
779 0.986572720826785 -0.05732072252645427 -0.3828747893823201 54 54 60 0.03536845163088189 17 1125 18 947
780 0.986572720826785 -0.05732072252645427 -0.3828747893823201 54 54 60 0.03536845163088189 17 1126 18 948
781 0.986572720826785 -0.05732072252645427 -0.3828747893823201 54 54 60 0.03536845163088189 17 1127 18 949
782 0.9984810810161988 -0.06186437679554314 -0.38227617715295126 176 182 182 0.005804772302349535 17 1141 18 967
783 0.9984810810161988 -0.06186437679554314 -0.38227617715295126 176 182 182 0.005804772302349535 17 1142 18 968
784 0.9483674620713575 -0.07384257761125912 -0.3835614492581527 171 177 175 0.03303494890393004 17 1189 18 1007
785 0.9483674620713575 -0.07384257761125912 -0.3835614492581527 171 177 175 0.03303494890393004 17 1190 18 1008
786 0.9693533998944079 -0.07727485713015285 -0.38218164855422404 36 38 42 0.03118410918941134 17 1192 18 1022
787 0.9641447906251739 -0.08125179921553381 -0.38235313885378436 181 187 187 0.01725423537467523 17 1205 18 1039
788 0.9549456687883244 -0.08092671533952708 -0.3829977249480932 177 183 182 0.022667977164706067 17 1206 18 1037
789 0.9549456687883244 -0.08092671533952708 -0.3829977249480932 177 183 182 0.022667977164706067 17 1207 18 1038
790 0.9580679608945745 -0.08452134040688764 -0.3814441107596669 45 45 47 0.009871315522749051 17 1216 18 1048
791 0.9580679608945745 -0.08452134040688764 -0.3814441107596669 45 45 47 0.009871315522749051 17 1217 18 1049
792 0.907029028405693 0.07896290073395508 -0.3778393998269215 24 24 24 0.031524456613249145 17 411 19 151
793 0.9430703179015012 0.07925938484094776 -0.3765397509965797 29 32 31 0.033120404087276595 17 436 19 173
794 0.9430703179015012 0.07925938484094776 -0.3765397509965797 29 32 31 0.033120404087276595 17 437 19 174
795 0.9853329007109822 0.06874357843250929 -0.3764951546586465 59 54 60 0.01299652188129691 17 511 19 242
796 0.9887275811335587 0.06546319904267815 -0.3764855272590689 64 58 60 0.02464808093115381 17 531 19 262
797 0.9475712372044517 0.045604281807684964 -0.37739236560535566 31 37 37 0.011865697313513267 17 608 19 327
798 0.957747526475105 0.041838836081915215 -0.3765760365540754 34 37 37 0.02068072006014628 17 623 19 341
799 0.9378191620778096 0.023696631287382204 -0.3763431693544097 30 36 34 2.9371298090749834e-06 17 718 19 432
800 0.9378191620778096 0.023696631287382204 -0.3763431693544097 30 36 34 2.9371298090749834e-06 17 719 19 433
801 0.9856162935290433 -0.05226663069941339 -0.37434072926374007 58 69 69 0.020879141260026438 17 1110 19 850
802 0.9511890852671094 -0.08696111054350242 -0.3745190705363701 169 175 175 0.022228839167794223 17 1227 19 974
803 0.8309798695879796 0.046445014593077066 -0.3796734111188779 167 168 164 0.03369763439807627 17 533 25 1157
804 0.8308369890127558 0.02709308763861621 -0.3796870105864098 105 106 100 0.01293457161438486 17 643 25 1272
805 0.8588618804015714 0.004372854212106137 -0.37775503468819266 162 170 169 0.01866057075822298 17 798 25 1512
806 0.8312858045193138 0.0021128585648886367 -0.3787486695307438 163 168 177 0.01525770544721777 17 805 25 1428
807 0.830965276607457 -0.0008406787275931434 -0.3779754633998093 94 97 95 0.016911014755284514 17 824 25 1453
808 0.830965276607457 -0.0008406787275931434 -0.3779754633998093 94 97 95 0.016911014755284514 17 825 25 1454
809 0.8312114939966169 -0.002797165360658939 -0.37883913222112026 161 172 172 0.0178296584223081 17 838 25 1470
810 0.8302814005239431 -0.00846869286098461 -0.378276427401911 160 170 173 0.013995543541027123 17 867 25 1503
811 0.8321448581189934 -0.027229131999453853 -0.3777787940744076 179 180 182 0.01931091037946542 17 993 25 1650
812 0.9913962097739987 -0.036271304767684184 -0.3654955415760821 55 61 61 0.025047480178736474 17 1053 25 2192
813 0.9330197015180093 0.06357257215388422 -0.3814152026779801 30 36 34 0.013009611325713308 19 250 22 709
814 0.9335250650860564 0.013157109083916069 -0.38094054369193525 175 178 177 0.03516375397778272 19 490 22 1017
815 0.9335250650860564 0.013157109083916069 -0.38094054369193525 175 178 177 0.03516375397778272 19 491 22 1018
816 0.9295042338828067 0.001578233041777707 -0.3805079472131532 44 44 48 0.020253706523815213 19 562 22 1097
817 0.9572651328790782 -0.022910294252102937 -0.379339286738468 174 181 179 0.01634465863303676 19 706 22 1234
818 0.9561330972185589 -0.08346428306534401 -0.37770270294559116 39 42 45 0.01670173980613554 19 967 22 1448
819 0.9561330972185589 -0.08346428306534401 -0.37770270294559116 39 42 45 0.01670173980613554 19 968 22 1449
820 0.9639698044009258 -0.09133958921952703 -0.37739105748318624 173 177 172 0.020308958095424455 19 985 22 1462
821 0.8312985788204617 0.10065944052403271 -0.38463812508435125 188 185 186 0.026430884761244982 19 61 25 748
822 0.8319789881106138 0.10053146387136438 -0.38486002822262605 177 177 178 0.02058531050145188 19 63 25 755
823 0.8314833714039803 0.09563500820228292 -0.38398552446031237 142 138 138 0.028808115123229085 19 71 25 791
824 0.8314833714039803 0.09563500820228292 -0.38398552446031237 142 138 138 0.028808115123229085 19 72 25 792
825 0.8627027957579098 0.07340458238253905 -0.38101295708539146 175 175 175 0.03408821977339025 19 155 25 1077
826 0.8669472678206641 0.06973773713744387 -0.3810101332650994 172 175 174 0.03428125530148128 19 178 25 1129
827 0.8595413521483107 0.0645335453247624 -0.38029485600804275 35 30 20 0.005836655147840069 19 198 25 1141
828 0.8595413521483107 0.0645335453247624 -0.38029485600804275 35 30 20 0.005836655147840069 19 199 25 1140
829 0.8706327255921817 0.06536978179735255 -0.38030868256290995 172 175 174 0.008138774852400636 19 201 25 1177
830 0.8555107453700953 0.05798600373820569 -0.38026705888451545 29 32 31 0.018818701786549645 19 220 25 1173
831 0.8701013631762757 0.007181242671470039 -0.37924574740099587 26 28 23 0.0031472064165021883 19 497 25 1530
832 0.8701013631762757 0.007181242671470039 -0.37924574740099587 26 28 23 0.0031472064165021883 19 498 25 1531
833 0.8708865515915216 0.003852604433848893 -0.3793251546611413 160 170 168 0.008302222611361623 19 524 25 1556
834 0.8708865515915216 0.003852604433848893 -0.3793251546611413 160 170 168 0.008302222611361623 19 525 25 1557
835 0.9349252202940188 -0.0028757260084249794 -0.37727104983348525 40 51 51 0.00039362533319812766 19 581 25 1831
836 0.9383695271558437 -0.006460824740314856 -0.3770868834195971 172 175 176 0.012597506517274934 19 607 25 1864
837 0.898405462479998 -0.027424487050132215 -0.3778193152318303 151 159 156 0.02175845852146973 19 719 25 1883
838 0.898405462479998 -0.027424487050132215 -0.3778193152318303 151 159 156 0.02175845852146973 19 720 25 1884
839 0.8924118493626805 -0.028497923975560367 -0.37862109659363696 155 161 159 0.015372657273510356 19 728 25 1877
840 0.859210978547861 -0.0534609695821985 -0.37842118715038353 146 154 151 0.009421807176461627 19 851 25 1942
841 0.8655262975032144 -0.055235436262776307 -0.37882025670739994 149 155 153 0.0077467665657864095 19 858 25 1964
842 0.8596290626998768 -0.05731958287698127 -0.37837211775937146 25 26 20 0.013220885475946251 19 879 25 1961
843 0.8593070482703242 -0.06134421758097004 -0.3782929948825299 145 153 150 0.019614865040359655 19 899 25 1995
844 0.8623160166878796 0.07114243970839672 -0.379198830042953 44 44 46 0.02968034222132178 20 874 23 1389
845 0.8671837345639434 0.06428351903642027 -0.37992002199592867 195 198 201 0.027362161807733914 20 916 23 1450
846 0.9166566230474705 0.06748932819804768 -0.3778678906786701 66 61 64 0.011967410923589536 20 1025 23 1375
847 0.9175102453476317 0.0615478155803011 -0.37976002225053607 56 52 53 0.031222538353975166 20 1073 23 1433
848 0.9175102453476317 0.0615478155803011 -0.37976002225053607 56 52 53 0.031222538353975166 20 1074 23 1434
849 0.9528570174778968 0.06634686853199585 -0.37985780011641773 54 62 61 0.034029936250530135 20 1132 23 1366
850 0.9602413964522972 0.04401973880114957 -0.3808532242698082 66 73 72 0.026704400550766744 20 1275 23 1532
851 0.8662853474638395 0.006507725290856943 -0.3783811458968956 50 46 44 0.005516286482361969 20 1356 23 1898
852 0.8662853474638395 0.006507725290856943 -0.3783811458968956 50 46 44 0.005516286482361969 20 1357 23 1899
853 0.9513278357912602 0.03011768864584587 -0.37834336272379854 196 202 200 0.015287874497620958 20 1377 23 1620
854 0.9284331668434356 0.011605797173404 -0.3785415382387161 191 197 195 0.009628563018590407 20 1484 23 1762
855 0.9170999611951284 0.00047118578670465357 -0.3780014701205315 46 40 46 0.03061758861760768 20 1543 23 1870
856 0.9170999611951284 0.00047118578670465357 -0.3780014701205315 46 40 46 0.03061758861760768 20 1544 23 1871
857 0.9243769001240032 0.00012683286834910904 -0.37805128701939633 55 49 55 0.02861173757016111 20 1559 23 1859
858 0.9812530315322757 0.0034058746515854806 -0.3766891543035323 88 87 89 0.01663946441806782 20 1635 23 1759
859 0.9569862884039378 -0.03069408953781875 -0.3775628077754998 205 205 209 0.030373466177802594 20 1836 23 2014
860 0.832441636321984 0.11195763526756157 -0.3844768279654659 178 177 177 0.009185398839345844 28 329 30 614
861 0.8951793533971885 0.10679605715493537 -0.3808145359485562 188 190 191 3.251510302917353e-05 28 356 30 655
862 0.8327198920850261 0.10191947556584391 -0.38438669353615007 184 190 192 0.012815439896014582 28 365 30 674
863 0.8731784795191231 0.07657716767076544 -0.3827396500144638 30 33 32 0.017611292142231397 28 584 30 875
864 0.8731784795191231 0.07657716767076544 -0.3827396500144638 30 33 32 0.017611292142231397 28 586 30 876
865 0.9947824876773625 0.07236311794020538 -0.376177221056529 90 90 92 0.013355360416477526 28 652 30 899
866 0.9947824876773625 0.07236311794020538 -0.376177221056529 90 90 92 0.013355360416477526 28 654 30 900
867 0.9973887697070445 0.07221278784465747 -0.375312127013389 84 87 90 0.034208154860186975 28 655 30 898
868 0.9828846003131992 0.06840697560341122 -0.3755580556600611 192 192 191 0.004852066315875474 28 682 30 936
869 0.8546511519232562 0.050851047487042104 -0.38446657416946356 28 31 32 0.02706838521745321 28 782 30 1070
870 0.9536641800186331 0.04444595649026866 -0.3771071804219274 188 191 192 0.01932253506637272 28 822 30 1092
871 0.9263822556363909 0.06649176725496328 -0.39245891760953894 46 42 45 0.026997313047756717 14 507 16 507
872 0.9263822556363909 0.06649176725496328 -0.39245891760953894 46 42 45 0.026997313047756717 14 508 16 508
873 0.9643017171723702 -0.022360467475113034 -0.3867502425798769 38 40 43 0.000594138285857135 14 926 16 950
874 0.9643017171723702 -0.022360467475113034 -0.3867502425798769 38 40 43 0.000594138285857135 14 927 16 951
875 0.953669028777202 -0.026456642589975307 -0.3878110673487773 30 33 34 0.015636899843712797 14 953 16 969
876 0.9762999611790808 -0.03821600426756606 -0.3881878356285228 187 190 189 0.012225211283628695 14 992 16 1019
877 0.9859085720485835 -0.0004221606130272123 -0.38555106781925824 42 50 52 0.0021806266457562277 14 827 17 857
878 0.9859085720485835 -0.0004221606130272123 -0.38555106781925824 42 50 52 0.0021806266457562277 14 829 17 858
879 0.9576719259162696 -0.025350828682804777 -0.37592834322179 40 46 48 0.031215539178994778 17 984 19 717
