1 0.2146427775250035 0.6900112068116891 -0.6813788854273620 0.1163435731976390 -0.0711009478886865 0.6719223921708667 -0.3891888621112823 1 20251010T192547_773_791713d0f4ad.png

2 0.2109328132345209 0.6929725298734963 -0.6814359231008570 0.1046016436265714 -0.0422908131266012 0.6764678835162165 -0.3779613100810018 1 20251010T192648_646_b72351c3f27c.png

3 0.1836731191347082 0.6965791816149522 -0.6892885795503921 0.0769602699408843 -0.0088649888970727 0.7020853757294180 -0.3303584240385385 1 20251010T192747_470_28f352677b83.png

4 0.2329282306938873 0.6892359867528078 -0.6742068372568397 0.1270564225327791 -0.0237188580333560 0.6517225717116519 -0.4221301353809556 1 20251010T192821_468_4e64b4001ff1.png

5 0.2193220618462444 0.6916531060871740 -0.6787541705415294 0.1131662052026012 -0.0196891257543642 0.6670862066187997 -0.3973162886978832 1 20251010T192848_041_93f02eb993f6.png

6 0.2507702582751259 0.6855746342606588 -0.6678237444037477 0.1453036298016979 -0.0640069935013535 0.6305428604338346 -0.4485951830023729 1 20251010T192921_883_ae32a4fbb7b0.png

7 0.2507714798587357 0.6855774196272519 -0.6678205352021188 0.1453031291784678 -0.0897968286752164 0.6310034660063619 -0.4446867370075200 1 20251010T192938_665_30b187650497.png

8 0.2507676295342600 0.6855844559065953 -0.6678159192894285 0.1452977898683999 -0.1007971823354053 0.6311993497509094 -0.4430207222491718 1 20251010T193000_931_103295589784.png

9 0.2507793879495772 0.6855533355035535 -0.6678458936757016 0.1452865618702968 -0.1263861490572064 0.6316745135084184 -0.4391371122276911 1 20251010T193016_613_4f910680d3af.png

10 0.1756247201884464 0.6973833714778819 -0.6914315942488043 0.0688094566133895 -0.1038829523107643 0.7107115529345448 -0.3001080632899144 1 20251010T193043_465_0a481f50abab.png

11 -0.1367600402890019 -0.7001152984811508 0.7001785441236823 -0.0297534294097451 -0.1000505037184866 0.7385190114497083 -0.2228516301726557 1 20251010T193121_516_c0abb5efba41.png

12 0.1864907780079732 0.6962085178849945 -0.6885881131113298 0.0797577571408502 -0.1156294921747211 0.7056512609520109 -0.3453259374792783 1 20251010T193346_988_2154bdcb074a.png

13 0.1864934135824122 0.6961895377619528 -0.6886078539730881 0.0797468347193566 -0.0709921127824148 0.7049890088000001 -0.4062021976641103 1 20251010T193425_565_124fdf28809e.png

14 0.1635079095086455 0.7014631168309293 -0.6912588251909352 0.0581024599272624 -0.0171924134923151 0.7287379934059136 -0.3705094448434393 1 20251010T193504_337_d77bd46dff8c.png

15 0.1985633551419716 0.6975629895757721 -0.6820410910796709 0.0937998915123411 -0.0277800233386162 0.6902317656904343 -0.4386258898151821 1 20251010T193522_075_d8043ddb437e.png

16 0.1985666817691356 0.6975969555499654 -0.6820035172756234 0.0938134474491440 -0.0552931277285322 0.6904810566328031 -0.4345043901720330 1 20251010T193542_475_19f26a235d17.png

17 0.1985469582028505 0.6976813216498927 -0.6819224671264785 0.0938169901318080 -0.0922061171975778 0.6908219179257814 -0.4289311887839686 1 20251010T193602_258_9495835440ac.png

18 0.1985577756548131 0.6977184682274802 -0.6818797520572397 0.0938283142535837 -0.1248039853487627 0.6911160307922137 -0.4240403738969292 1 20251010T193616_028_db75c87992ec.png

19 0.1522769418356167 0.7024346289258333 -0.6936963923158630 0.0467187367014108 -0.1106758337719624 0.7403878061992376 -0.3334844238485968 1 20251010T193635_237_8c06391399af.png

20 0.2401913980150077 0.8087316768291796 -0.5326523870603865 0.0673988261880875 -0.3300340084103269 0.6100932718478838 -0.3997278065026605 1 20251010T193739_232_160ffcc98a4b.png

21 0.2333393432126034 0.7588042260205082 -0.6016525578113147 0.0882218632858731 -0.2068174144007943 0.6469771416743332 -0.4397722707830479 1 20251010T193810_033_452a7c11da2c.png

22 -0.2179600973247006 -0.6622773088089974 0.7065015097234312 -0.1213992544022895 0.0130139198480774 0.6625945323800266 -0.4848601810399302 1 20251010T193832_939_bf4efb696603.png

23 -0.2795143262380440 -0.6387319706435662 0.7148168514275948 -0.0541302135652441 -0.0060098028564691 0.6677987934532361 -0.4761835334005407 1 20251010T193905_498_7c2528bf5f55.png

24 0.2335882427451832 0.7075158557549895 -0.6620145865781680 0.0812067353379006 -0.1284047483239786 0.6694349949964628 -0.4422442794035953 1 20251010T193942_698_acb711728512.png

25 0.1271065337690466 0.8326256128331179 -0.5236657761753180 0.1278775695350642 -0.3357516789269420 0.5995247631403980 -0.3989179127239554 1 20251010T194005_210_72340b673145.png

26 0.1834344659004586 0.7723808337747926 -0.5990937588733219 0.1042416059747926 -0.2242380283771931 0.6378916023764735 -0.3712859590865937 1 20251010T194102_641_354da9990b35.png

27 0.1516056728042064 0.7650002764356240 -0.6084218828668103 0.1470139771443807 -0.1850609591695031 0.6371095757198719 -0.3992530625191235 1 20251010T194128_642_852f93186f2c.png

28 -0.1415219833350041 -0.6932887278001680 0.7012433328635539 -0.0870635184940675 0.0054218096574285 0.6998992429064829 -0.3350486710551552 1 20251010T194214_375_4c818a931bd0.png

29 -0.1415610667866980 -0.6932440938722304 0.7012811049141900 -0.0870511491699872 0.0068363245630066 0.7368897034525151 -0.3046822333677819 1 20251010T194237_275_4f1d6c9d4b20.png

30 -0.1762158034221334 -0.6852381280312032 0.7047894474744240 -0.0516578478576194 0.0035531885325081 0.7627011845143201 -0.3102310546108105 1 20251010T194308_290_a5ea86e95613.png

31 -0.2463040675523009 -0.6041915010025470 0.7577496560040133 -0.0101190537739760 0.0817879028729976 0.7556393177565256 -0.3445267476308187 1 20251010T194344_592_ad6f74249ae9.png

